 Iterations            1  time    0.0000000000000000     
  0.19843853325820654       0.84420486836104836       0.82055118087228940        40.141943263697328     
 
 Iterations            2  time    0.0000000000000000     
   1.0560929248264810E-005   1.0433739359339332E-004   1.0380153585089673E-004   4.5893162622204853E-003
 
 Iterations            3  time    0.0000000000000000     
   5.9791845995215991E-010   3.3281353655594578E-009   3.2739852959507118E-009   1.4380636813907280E-007
 
 Iterations            4  time    0.0000000000000000     
   6.6109950268616438E-012   9.4602598469524197E-012   6.7669478944378659E-012   7.7873909073358893E-012
 
 Iterations            1  time    1.2000000000000000E-005
   4.8510963760532456E-011   3.2952302120645245E-008   3.2952266458628241E-008   1.4475862631796694E-006
 
 Iterations            2  time    1.2000000000000000E-005
   2.8177785547623725E-012   4.0687337462490093E-012   2.9350922840500109E-012   2.3251086114310516E-012
 
