 pressure     0.0000000000000000     
   615.45495434913369     
   559.50085268745488     
   503.55076741870943     
   447.60068214996386     
   391.65059688121841     
   335.70051161247295     
   279.75042634372744     
   223.80034107498199     
   167.85025580623650     
   111.90017053749096     
   55.950085268745440     
   0.0000000000000000     
 
 flow_rate    0.0000000000000000     
  0.66138599999999992     
  0.66138599999999992     
  0.66138599999999992     
  0.66138599999999992     
  0.66138599999999992     
  0.66138599999999992     
  0.66138599999999992     
  0.66138599999999992     
  0.66138599999999992     
  0.66138599999999992     
  0.66138599999999992     
  0.66138599999999992     
 
 enthalpy     0.0000000000000000     
   554.23225806451615     
   554.23225806451615     
   554.23225806451615     
   554.23225806451615     
   554.23225806451615     
   554.23225806451615     
   554.23225806451615     
   554.23225806451615     
   554.23225806451615     
   554.23225806451615     
   554.23225806451615     
   554.23225806451615     
 
 density      0.0000000000000000     
   46.623319263203143     
   46.623018508319561     
   46.622717775966102     
   46.622417066142319     
   46.622116378847899     
   46.621815714082317     
   46.621515071845252     
   46.621214452136243     
   46.620913854954892     
   46.620613280300780     
   46.620312728173495     
   46.620312728173495     
 
 velocity     0.0000000000000000     
   13.851794306349234     
   13.851883661241242     
   13.851973010592204     
   13.852062354402008     
   13.852151692670517     
   13.852241025397648     
   13.852330352583259     
   13.852419674227248     
   13.852508990329499     
   13.852598300889900     
   13.852687605908340     
   13.852687605908340     
 
 energy       0.0000000000000000     
   544.71053006066086     
   544.71201181934180     
   544.71349360173974     
   544.71497540785288     
   544.71645723767949     
   544.71793909121777     
   544.71942096846601     
   544.72090286942239     
   544.72238479408509     
   544.72386674245251     
   544.72534871452262     
   544.72689198535011     
 
 pressure     1.0000000000000000     
   615.31572980915166     
   559.36162814747286     
   503.27420373412895     
   447.22038781452295     
   391.20018295874644     
   335.21359085106758     
   279.26061316908857     
   223.34125159726588     
   167.45550781206603     
   111.60338349897903     
   55.784880336093629     
   0.0000000000000000     
 
 flow_rate    1.0000000000000000     
  0.66138599999999992     
  0.66138551342166385     
  0.66138405150560042     
  0.66138161283078967     
  0.66137819566516509     
  0.66137379829352116     
  0.66136841898291909     
  0.66136205602189824     
  0.66135470767071114     
  0.66134637221258985     
  0.66133704793394021     
  0.66133704793394021     
 
 enthalpy     1.0000000000000000     
   554.23225806451615     
   554.75647772143543     
   555.28069737835813     
   555.80491703528435     
   556.32913669221398     
   556.85335634914702     
   557.37757600608347     
   557.90179566302345     
   558.42601531996684     
   558.95023497691352     
   559.47445463386384     
   559.47445463386384     
 
 density      1.0000000000000000     
   46.623319263203143     
   46.595285806359755     
   46.567215421248505     
   46.539108226617572     
   46.510964170892102     
   46.482783202688786     
   46.454565270821433     
   46.426310324302762     
   46.398018312345513     
   46.369689184364098     
   46.341322889975807     
   46.341322889975807     
 
 velocity     1.0000000000000000     
   13.851794306349234     
   13.860117864133047     
   13.868441989611256     
   13.876766638403634     
   13.885091810257219     
   13.893417505254815     
   13.901743723087026     
   13.910070463875057     
   13.918397727124209     
   13.926725512800896     
   13.935053820916194     
   13.935053820916194     
 
 energy       1.0000000000000000     
   544.71053006066086     
   544.71201181934180     
   544.71349360173974     
   544.71497540785288     
   544.71645723767949     
   544.71793909121777     
   544.71942096846601     
   544.72090286942239     
   544.72238479408509     
   544.72386674245251     
   544.72534871452262     
   544.72689198535011     
 
 pressure     2.0000000000000000     
   615.32797030819381     
   559.37386864651501     
   503.28627021618144     
   447.23193337826075     
   391.21090657690502     
   335.22323258279647     
   279.26895422424622     
   223.34811438767611     
   167.46075601699152     
   111.60692211366079     
   55.786655736174801     
   0.0000000000000000     
 
 flow_rate    2.0000000000000000     
  0.66138599999999992     
  0.66138598968947715     
  0.66138598968937912     
  0.66138598968951512     
  0.66138598968943352     
  0.66138598968946627     
  0.66138598968940365     
  0.66138598968946549     
  0.66138598968943596     
  0.66138598968944984     
  0.66138598968946249     
  0.66138598968946249     
 
 enthalpy     2.0000000000000000     
   554.23225806451615     
   554.75647767003488     
   555.28069727555328     
   555.80491688107134     
   556.32913648658871     
   556.85335609210506     
   557.37757569762039     
   557.90179530313424     
   558.42601490864661     
   558.95023451415705     
   559.47445411966612     
   559.47445411966612     
 
 density      2.0000000000000000     
   46.623319263203143     
   46.595285875012173     
   46.567215491820903     
   46.539108297237277     
   46.510964239924043     
   46.482783268711394     
   46.454565332628889     
   46.426310380906870     
   46.398018362978000     
   46.369689228478649     
   46.341322927250012     
   46.341322927250012     
 
 velocity     2.0000000000000000     
   13.851794306349234     
   13.860127824468753     
   13.868482610017082     
   13.876858450330625     
   13.885255418784331     
   13.893673589034741     
   13.902113034984096     
   13.910573830801706     
   13.919056050906761     
   13.927559769985852     
   13.936085062982942     
   13.936085062982942     
 
 energy       2.0000000000000000     
   544.71053006066086     
   544.71201181934180     
   544.71349360173974     
   544.71497540785288     
   544.71645723767949     
   544.71793909121777     
   544.71942096846601     
   544.72090286942239     
   544.72238479408509     
   544.72386674245251     
   544.72534871452262     
   544.72689198535011     
 
 pressure     3.0000000000000000     
   615.32797100308460     
   559.37386934140579     
   503.28627052002884     
   447.23193368578990     
   391.21090689057837     
   335.22323290266598     
   279.26895454642948     
   223.34811470226123     
   167.46075630630801     
   111.60692235020903     
   55.786655880830843     
   0.0000000000000000     
 
 flow_rate    3.0000000000000000     
  0.66138599999999992     
  0.66138599062285042     
  0.66138599062285064     
  0.66138599062285042     
  0.66138599062285108     
  0.66138599062285075     
  0.66138599062285075     
  0.66138599062285131     
  0.66138599062285131     
  0.66138599062285131     
  0.66138599062285131     
  0.66138599062285131     
 
 enthalpy     3.0000000000000000     
   554.23225806451615     
   554.75647766929501     
   555.28069727407399     
   555.80491687885285     
   556.32913648363171     
   556.85335608841069     
   557.37757569318956     
   557.90179529796842     
   558.42601490274728     
   558.95023450752626     
   559.47445411230512     
   559.47445411230512     
 
 density      3.0000000000000000     
   46.623319263203143     
   46.595285875055055     
   46.567215491900953     
   46.539108297356663     
   46.510964240082913     
   46.482783268909728     
   46.454565332866729     
   46.426310381184237     
   46.398018363294781     
   46.369689228834687     
   46.341322927645123     
   46.341322927645123     
 
 velocity     3.0000000000000000     
   13.851794306349234     
   13.860127844015942     
   13.868482629567040     
   13.876858469877785     
   13.885255438333237     
   13.893673608582981     
   13.902113054533666     
   13.910573850350000     
   13.919056070455721     
   13.927559789534612     
   13.936085082531585     
   13.936085082531585     
 
 energy       3.0000000000000000     
   544.71053006066086     
   544.71201181934180     
   544.71349360173974     
   544.71497540785288     
   544.71645723767949     
   544.71793909121777     
   544.71942096846601     
   544.72090286942239     
   544.72238479408509     
   544.72386674245251     
   544.72534871452262     
   544.72689198535011     
 
 pressure     4.0000000000000000     
   615.32797100307869     
   559.37386934139988     
   503.28627052000354     
   447.23193368576756     
   391.21090689055870     
   335.22323290264933     
   279.26895454641556     
   223.34811470225006     
   167.46075630629986     
   111.60692235020358     
   55.786655880828135     
   0.0000000000000000     
 
 flow_rate    4.0000000000000000     
  0.66138599999999992     
  0.66138599062290337     
  0.66138599062290326     
  0.66138599062290337     
  0.66138599062290337     
  0.66138599062290315     
  0.66138599062290315     
  0.66138599062290349     
  0.66138599062290315     
  0.66138599062290337     
  0.66138599062290326     
  0.66138599062290326     
 
 enthalpy     4.0000000000000000     
   554.23225806451615     
   554.75647766929501     
   555.28069727407387     
   555.80491687885274     
   556.32913648363160     
   556.85335608841046     
   557.37757569318933     
   557.90179529796819     
   558.42601490274706     
   558.95023450752581     
   559.47445411230467     
   559.47445411230467     
 
 density      4.0000000000000000     
   46.623319263203143     
   46.595285875055055     
   46.567215491900953     
   46.539108297356663     
   46.510964240082913     
   46.482783268909728     
   46.454565332866729     
   46.426310381184258     
   46.398018363294781     
   46.369689228834709     
   46.341322927645137     
   46.341322927645137     
 
 velocity     4.0000000000000000     
   13.851794306349234     
   13.860127844017052     
   13.868482629568144     
   13.876858469878895     
   13.885255438334333     
   13.893673608584082     
   13.902113054534768     
   13.910573850351090     
   13.919056070456811     
   13.927559789535701     
   13.936085082532676     
   13.936085082532676     
 
 energy       4.0000000000000000     
   544.71053006066086     
   544.71201181934180     
   544.71349360173974     
   544.71497540785288     
   544.71645723767949     
   544.71793909121777     
   544.71942096846601     
   544.72090286942239     
   544.72238479408509     
   544.72386674245251     
   544.72534871452262     
   544.72689198535011     
 
 pressure     1.0000000000000000     
   615.32797026012440     
   559.37386939175997     
   503.28627056749770     
   447.23193372989482     
   391.21090693084449     
   335.22323293861763     
   279.26895457758911     
   223.34811472815056     
   167.46075632644784     
   111.60692236411799     
   55.786655888027056     
   0.0000000000000000     
 
 flow_rate    1.0000000000000000     
  0.66138599999999992     
  0.66138599999993908     
  0.66138599999993886     
  0.66138599999993875     
  0.66138599999993886     
  0.66138599999993941     
  0.66138599999993886     
  0.66138599999993841     
  0.66138599999993930     
  0.66138599999993875     
  0.66138599999993886     
  0.66138599999993886     
 
 enthalpy     1.0000000000000000     
   554.23225806451615     
   554.75647766186273     
   555.28069725920921     
   555.80491685655579     
   556.32913645390238     
   556.85335605124885     
   557.37757564859544     
   557.90179524594191     
   558.42601484328850     
   558.95023444063509     
   559.47445403798156     
   559.47445403798156     
 
 density      1.0000000000000000     
   46.623318602180127     
   46.595285875448752     
   46.567215492689087     
   46.539108298540278     
   46.510964241663046     
   46.482783270887445     
   46.454565335242989     
   46.426310383960121     
   46.398018366471376     
   46.369689232412966     
   46.341322931626159     
   46.341322931626159     
 
 velocity     1.0000000000000000     
   13.851794502739260     
   13.860128040406847     
   13.868482825958779     
   13.876858666270072     
   13.885255634725761     
   13.893673804975466     
   13.902113250925806     
   13.910574046741472     
   13.919056266846246     
   13.927559985923876     
   13.936085278919288     
   13.936085278919288     
 
 energy       1.0000000000000000     
   544.71052963522641     
   545.23056865799867     
   545.75059494108814     
   546.27060770523610     
   546.79060690408755     
   547.31059249127338     
   547.83056442026771     
   548.35052264438752     
   548.87046711679216     
   549.39039779048233     
   549.91031461830016     
   549.91186264510827     
 
 pressure     2.0000000000000000     
   615.32797025984269     
   559.37386939147825     
   503.28627056724264     
   447.23193372966807     
   391.21090693064610     
   335.22323293844772     
   279.26895457744774     
   223.34811472803730     
   167.46075632636277     
   111.60692236406159     
   55.786655887998727     
   0.0000000000000000     
 
 flow_rate    2.0000000000000000     
  0.66138599999999992     
  0.66138599999994319     
  0.66138599999994319     
  0.66138599999994319     
  0.66138599999994319     
  0.66138599999994307     
  0.66138599999994319     
  0.66138599999994330     
  0.66138599999994319     
  0.66138599999994319     
  0.66138599999994319     
  0.66138599999994319     
 
 enthalpy     2.0000000000000000     
   554.23225806451615     
   554.75647766186273     
   555.28069725920921     
   555.80491685655579     
   556.32913645390227     
   556.85335605124885     
   557.37757564859544     
   557.90179524594191     
   558.42601484328850     
   558.95023444063509     
   559.47445403798156     
   559.47445403798156     
 
 density      2.0000000000000000     
   46.623318602180127     
   46.595285875448752     
   46.567215492689087     
   46.539108298540278     
   46.510964241663046     
   46.482783270887445     
   46.454565335242989     
   46.426310383960121     
   46.398018366471376     
   46.369689232412966     
   46.341322931626159     
   46.341322931626159     
 
 velocity     2.0000000000000000     
   13.851794502739260     
   13.860128040406932     
   13.868482825958869     
   13.876858666270165     
   13.885255634725851     
   13.893673804975544     
   13.902113250925897     
   13.910574046741573     
   13.919056266846328     
   13.927559985923969     
   13.936085278919379     
   13.936085278919379     
 
 energy       2.0000000000000000     
   544.71052963522641     
   545.23056865799867     
   545.75059494108814     
   546.27060770523610     
   546.79060690408755     
   547.31059249127338     
   547.83056442026771     
   548.35052264438752     
   548.87046711679216     
   549.39039779048233     
   549.91031461830016     
   549.91186264510827     
 
