 rod_temps    0.0000000000000000     
 Rod ,           1
 radial pos , 0.0    2.1116282996063709E-003   4.7217444211321387E-003   7.6135841089516060E-003   1.0558141498031855E-002   1.3438320209973752E-002   1.3713910761154854E-002   1.5583989501312335E-002
 axial pos ,   0.0000000000000000       0.60006561679790027        1.8001968503937009        3.0003280839895012        4.2004593175853024        5.4005905511811019        6.6007217847769031        7.8008530183727025        9.0009842519685037        10.201115485564305        11.401246719160106        12.001312335958007     
Temperature ,  554.000000  554.000000  554.000000  554.000000  554.000000  554.000000  554.000000 
Temperature ,  554.000000  554.000000  554.000000  554.000000  554.000000  554.000000  554.000000 
Temperature ,  554.000000  554.000000  554.000000  554.000000  554.000000  554.000000  554.000000 
Temperature ,  554.000000  554.000000  554.000000  554.000000  554.000000  554.000000  554.000000 
Temperature ,  554.000000  554.000000  554.000000  554.000000  554.000000  554.000000  554.000000 
Temperature ,  554.000000  554.000000  554.000000  554.000000  554.000000  554.000000  554.000000 
Temperature ,  554.000000  554.000000  554.000000  554.000000  554.000000  554.000000  554.000000 
Temperature ,  554.000000  554.000000  554.000000  554.000000  554.000000  554.000000  554.000000 
Temperature ,  554.000000  554.000000  554.000000  554.000000  554.000000  554.000000  554.000000 
Temperature ,  554.000000  554.000000  554.000000  554.000000  554.000000  554.000000  554.000000 
Temperature ,  554.000000  554.000000  554.000000  554.000000  554.000000  554.000000  554.000000 
Temperature ,  554.000000  554.000000  554.000000  554.000000  554.000000  554.000000  554.000000 
 
 rod_temps    1.0000000000000000     
 Rod ,           1
 radial pos , 0.0    2.1116282996063709E-003   4.7217444211321387E-003   7.6135841089516060E-003   1.0558141498031855E-002   1.3438320209973752E-002   1.3713910761154854E-002   1.5583989501312335E-002
 axial pos ,   0.0000000000000000       0.60006561679790027        1.8001968503937009        3.0003280839895012        4.2004593175853024        5.4005905511811019        6.6007217847769031        7.8008530183727025        9.0009842519685037        10.201115485564305        11.401246719160106        12.001312335958007     
Temperature ,  722.270274  713.071819  692.689232  661.557995  620.957202  571.688134  561.823866 
Temperature ,  722.676545  713.478089  693.095502  661.964265  621.363472  572.094404  562.230136 
Temperature ,  723.082815  713.884359  693.501772  662.370536  621.769742  572.500674  562.636406 
Temperature ,  723.489085  714.290629  693.908042  662.776806  622.176013  572.906945  563.042676 
Temperature ,  723.895355  714.696900  694.314313  663.183076  622.582283  573.313215  563.448947 
Temperature ,  724.301625  715.103170  694.720583  663.589346  622.988553  573.719485  563.855217 
Temperature ,  724.707896  715.509440  695.126853  663.995617  623.394823  574.125755  564.261487 
Temperature ,  725.114166  715.915710  695.533123  664.401887  623.801093  574.532025  564.667757 
Temperature ,  725.520436  716.321980  695.939393  664.808157  624.207364  574.938296  565.074027 
Temperature ,  725.926706  716.728251  696.345664  665.214427  624.613634  575.344566  565.480298 
Temperature ,  726.332977  717.134521  696.751934  665.620697  625.019904  575.750836  565.886568 
Temperature ,  722.270315  713.071859  692.689272  661.558036  620.957242  571.688174  561.823906 
 
 rod_temps    2.0000000000000000     
 Rod ,           1
 radial pos , 0.0    2.1116282996063709E-003   4.7217444211321387E-003   7.6135841089516060E-003   1.0558141498031855E-002   1.3438320209973752E-002   1.3713910761154854E-002   1.5583989501312335E-002
 axial pos ,   0.0000000000000000       0.60006561679790027        1.8001968503937009        3.0003280839895012        4.2004593175853024        5.4005905511811019        6.6007217847769031        7.8008530183727025        9.0009842519685037        10.201115485564305        11.401246719160106        12.001312335958007     
Temperature ,  722.270274  713.071819  692.689232  661.557995  620.957202  571.688134  561.823866 
Temperature ,  722.674855  713.476399  693.093812  661.962576  621.361782  572.092714  562.228446 
Temperature ,  723.079440  713.880984  693.498397  662.367161  621.766367  572.497299  562.633031 
Temperature ,  723.484029  714.285573  693.902986  662.771750  622.170956  572.901888  563.037620 
Temperature ,  723.888623  714.690167  694.307580  663.176344  622.575550  573.306482  563.442214 
Temperature ,  724.293221  715.094765  694.712178  663.580942  622.980149  573.711081  563.846812 
Temperature ,  724.697824  715.499368  695.116781  663.985545  623.384751  574.115683  564.251415 
Temperature ,  725.102431  715.903975  695.521388  664.390152  623.789358  574.520291  564.656022 
Temperature ,  725.507043  716.308587  695.926000  664.794764  624.193970  574.924902  565.060634 
Temperature ,  725.911659  716.713203  696.330616  665.199380  624.598586  575.329518  565.465250 
Temperature ,  726.316279  717.117823  696.735236  665.604000  625.003207  575.734139  565.869870 
Temperature ,  726.316784  717.118328  696.735741  665.604505  625.003711  575.734643  565.870375 
 
 rod_temps    3.0000000000000000     
 Rod ,           1
 radial pos , 0.0    2.1116282996063709E-003   4.7217444211321387E-003   7.6135841089516060E-003   1.0558141498031855E-002   1.3438320209973752E-002   1.3713910761154854E-002   1.5583989501312335E-002
 axial pos ,   0.0000000000000000       0.60006561679790027        1.8001968503937009        3.0003280839895012        4.2004593175853024        5.4005905511811019        6.6007217847769031        7.8008530183727025        9.0009842519685037        10.201115485564305        11.401246719160106        12.001312335958007     
Temperature ,  722.270274  713.071819  692.689232  661.557995  620.957202  571.688134  561.823866 
Temperature ,  722.674855  713.476399  693.093812  661.962576  621.361782  572.092714  562.228446 
Temperature ,  723.079440  713.880984  693.498397  662.367161  621.766367  572.497299  562.633031 
Temperature ,  723.484029  714.285573  693.902986  662.771750  622.170956  572.901888  563.037620 
Temperature ,  723.888623  714.690167  694.307580  663.176344  622.575550  573.306482  563.442214 
Temperature ,  724.293221  715.094765  694.712179  663.580942  622.980149  573.711081  563.846813 
Temperature ,  724.697824  715.499368  695.116781  663.985545  623.384752  574.115684  564.251415 
Temperature ,  725.102431  715.903976  695.521389  664.390152  623.789359  574.520291  564.656023 
Temperature ,  725.507043  716.308587  695.926001  664.794764  624.193971  574.924903  565.060634 
Temperature ,  725.911659  716.713204  696.330617  665.199380  624.598587  575.329519  565.465251 
Temperature ,  726.316280  717.117824  696.735237  665.604001  625.003208  575.734140  565.869871 
Temperature ,  726.316321  717.117866  696.735279  665.604042  625.003249  575.734181  565.869913 
 
 rod_temps    4.0000000000000000     
 Rod ,           1
 radial pos , 0.0    2.1116282996063709E-003   4.7217444211321387E-003   7.6135841089516060E-003   1.0558141498031855E-002   1.3438320209973752E-002   1.3713910761154854E-002   1.5583989501312335E-002
 axial pos ,   0.0000000000000000       0.60006561679790027        1.8001968503937009        3.0003280839895012        4.2004593175853024        5.4005905511811019        6.6007217847769031        7.8008530183727025        9.0009842519685037        10.201115485564305        11.401246719160106        12.001312335958007     
Temperature ,  722.270274  713.071819  692.689232  661.557995  620.957202  571.688134  561.823866 
Temperature ,  722.674855  713.476399  693.093812  661.962576  621.361782  572.092714  562.228446 
Temperature ,  723.079440  713.880984  693.498397  662.367161  621.766367  572.497299  562.633031 
Temperature ,  723.484029  714.285573  693.902986  662.771750  622.170956  572.901888  563.037620 
Temperature ,  723.888623  714.690167  694.307580  663.176344  622.575550  573.306482  563.442214 
Temperature ,  724.293221  715.094765  694.712179  663.580942  622.980149  573.711081  563.846813 
Temperature ,  724.697824  715.499368  695.116781  663.985545  623.384752  574.115684  564.251415 
Temperature ,  725.102431  715.903976  695.521389  664.390152  623.789359  574.520291  564.656023 
Temperature ,  725.507043  716.308587  695.926001  664.794764  624.193971  574.924903  565.060634 
Temperature ,  725.911659  716.713204  696.330617  665.199380  624.598587  575.329519  565.465251 
Temperature ,  726.316280  717.117824  696.735237  665.604001  625.003208  575.734140  565.869871 
Temperature ,  726.316321  717.117866  696.735279  665.604042  625.003249  575.734181  565.869913 
 
 rod_temps    1.0000000000000000     
 Rod ,           1
 radial pos , 0.0    2.1116282996063709E-003   4.7217444211321387E-003   7.6135841089516060E-003   1.0558141498031855E-002   1.3438320209973752E-002   1.3713910761154854E-002   1.5583989501312335E-002
 axial pos ,   0.0000000000000000       0.60006561679790027        1.8001968503937009        3.0003280839895012        4.2004593175853024        5.4005905511811019        6.6007217847769031        7.8008530183727025        9.0009842519685037        10.201115485564305        11.401246719160106        12.001312335958007     
Temperature ,  722.270274  713.071819  692.689232  661.557995  620.957202  571.688134  561.823866 
Temperature ,  722.674855  713.476399  693.093812  661.962576  621.361782  572.092714  562.228446 
Temperature ,  723.079440  713.880984  693.498397  662.367160  621.766367  572.497299  562.633031 
Temperature ,  723.484029  714.285573  693.902986  662.771750  622.170956  572.901888  563.037620 
Temperature ,  723.888623  714.690167  694.307580  663.176344  622.575550  573.306482  563.442214 
Temperature ,  724.293221  715.094765  694.712178  663.580942  622.980149  573.711081  563.846812 
Temperature ,  724.697824  715.499368  695.116781  663.985545  623.384751  574.115683  564.251415 
Temperature ,  725.102431  715.903975  695.521389  664.390152  623.789359  574.520291  564.656023 
Temperature ,  725.507043  716.308587  695.926000  664.794764  624.193970  574.924902  565.060634 
Temperature ,  725.911659  716.713204  696.330617  665.199380  624.598587  575.329519  565.465251 
Temperature ,  726.316280  717.117824  696.735237  665.604001  625.003207  575.734139  565.869871 
Temperature ,  726.316321  717.117866  696.735279  665.604042  625.003249  575.734181  565.869913 
 
 rod_temps    2.0000000000000000     
 Rod ,           1
 radial pos , 0.0    2.1116282996063709E-003   4.7217444211321387E-003   7.6135841089516060E-003   1.0558141498031855E-002   1.3438320209973752E-002   1.3713910761154854E-002   1.5583989501312335E-002
 axial pos ,   0.0000000000000000       0.60006561679790027        1.8001968503937009        3.0003280839895012        4.2004593175853024        5.4005905511811019        6.6007217847769031        7.8008530183727025        9.0009842519685037        10.201115485564305        11.401246719160106        12.001312335958007     
Temperature ,  722.270274  713.071819  692.689232  661.557995  620.957202  571.688134  561.823866 
Temperature ,  722.674855  713.476399  693.093812  661.962576  621.361782  572.092714  562.228446 
Temperature ,  723.079440  713.880984  693.498397  662.367160  621.766367  572.497299  562.633031 
Temperature ,  723.484029  714.285573  693.902986  662.771750  622.170956  572.901888  563.037620 
Temperature ,  723.888623  714.690167  694.307580  663.176344  622.575550  573.306482  563.442214 
Temperature ,  724.293221  715.094765  694.712178  663.580942  622.980149  573.711081  563.846812 
Temperature ,  724.697824  715.499368  695.116781  663.985545  623.384751  574.115683  564.251415 
Temperature ,  725.102431  715.903975  695.521389  664.390152  623.789359  574.520291  564.656023 
Temperature ,  725.507043  716.308587  695.926000  664.794764  624.193970  574.924902  565.060634 
Temperature ,  725.911659  716.713204  696.330617  665.199380  624.598587  575.329519  565.465251 
Temperature ,  726.316280  717.117824  696.735237  665.604001  625.003207  575.734139  565.869871 
Temperature ,  726.316321  717.117865  696.735279  665.604042  625.003249  575.734181  565.869912 
 
