 pressure     0.0000000000000000     
   587.47781328027202     
   559.50085268745488     
   531.52581005308230     
   503.55076741870943     
   475.57572478433678     
   447.60068214996397     
   419.62563951559122     
   391.65059688121841     
   363.67555424684571     
   335.70051161247295     
   307.72546897810020     
   279.75042634372738     
   251.77538370935466     
   223.80034107498190     
   195.82529844060917     
   167.85025580623642     
   139.87521317186363     
   111.90017053749088     
   83.925127903118124     
   55.950085268745362     
   27.975042634372596     
   0.0000000000000000     
 
 flow_rate    0.0000000000000000     
  0.66138599999999992     
  0.66138599999999992     
  0.66138599999999992     
  0.66138599999999992     
  0.66138599999999992     
  0.66138599999999992     
  0.66138599999999992     
  0.66138599999999992     
  0.66138599999999992     
  0.66138599999999992     
  0.66138599999999992     
  0.66138599999999992     
  0.66138599999999992     
  0.66138599999999992     
  0.66138599999999992     
  0.66138599999999992     
  0.66138599999999992     
  0.66138599999999992     
  0.66138599999999992     
  0.66138599999999992     
  0.66138599999999992     
  0.66138599999999992     
 
 enthalpy     0.0000000000000000     
   554.23225806451615     
   554.23225806451615     
   554.23225806451615     
   554.23225806451615     
   554.23225806451615     
   554.23225806451615     
   554.23225806451615     
   554.23225806451615     
   554.23225806451615     
   554.23225806451615     
   554.23225806451615     
   554.23225806451615     
   554.23225806451615     
   554.23225806451615     
   554.23225806451615     
   554.23225806451615     
   554.23225806451615     
   554.23225806451615     
   554.23225806451615     
   554.23225806451615     
   554.23225806451615     
   554.23225806451615     
 
 density      0.0000000000000000     
   46.623168882945059     
   46.623018508319561     
   46.622868139326606     
   46.622717775966102     
   46.622567418238042     
   46.622417066142319     
   46.622266719679004     
   46.622116378847899     
   46.621966043649010     
   46.621815714082317     
   46.621665390147776     
   46.621515071845252     
   46.621364759174774     
   46.621214452136243     
   46.621064150729580     
   46.620913854954892     
   46.620763564811924     
   46.620613280300780     
   46.620463001421257     
   46.620312728173495     
   46.620162460557310     
   46.620162460557310     
 
 velocity     0.0000000000000000     
   14.996982327614772     
   14.997030697833461     
   14.997079066552359     
   14.997127433771469     
   14.997175799490762     
   14.997224163710236     
   14.997272526429837     
   14.997320887649597     
   14.997369247369484     
   14.997417605589472     
   14.997465962309541     
   14.997514317529703     
   14.997562671249918     
   14.997611023470185     
   14.997659374190496     
   14.997707723410787     
   14.997756071131109     
   14.997804417351391     
   14.997852762071673     
   14.997901105291872     
   14.997949447012019     
   14.997949447012019     
 
 energy       0.0000000000000000     
   544.71127093703660     
   544.71201181934180     
   544.71275270757621     
   544.71349360173974     
   544.71423450183204     
   544.71497540785288     
   544.71571631980214     
   544.71645723767949     
   544.71719816148482     
   544.71793909121777     
   544.71868002687825     
   544.71942096846601     
   544.72016191598084     
   544.72090286942239     
   544.72164382879055     
   544.72238479408509     
   544.72312576530578     
   544.72386674245251     
   544.72460772552483     
   544.72534871452262     
   544.72608970944566     
   544.72686134734658     
 
 pressure     1.0000000000000000     
   587.53901890372867     
   559.56205831091154     
   531.57447077962320     
   503.58787904967465     
   475.60228587540456     
   447.61769127595124     
   419.63409527185723     
   391.65149788202882     
   363.66989912692389     
   335.68929902602764     
   307.70969759849254     
   279.73109486457309     
   251.75349084427714     
   223.77688555641416     
   195.80127902083066     
   167.82667125851097     
   139.85306228709700     
   111.88045212797849     
   83.908840799823480     
   55.938228322502312     
   27.968614716536052     
   0.0000000000000000     
 
 flow_rate    1.0000000000000000     
  0.66138599999999992     
  0.66138599869699510     
  0.66138599434120071     
  0.66138598707814145     
  0.66138597690895884     
  0.66138596383163406     
  0.66138594784759563     
  0.66138592895494197     
  0.66138590715381307     
  0.66138588244506147     
  0.66138585482725953     
  0.66138582429948434     
  0.66138579086319227     
  0.66138575451787218     
  0.66138571526036993     
  0.66138567309478524     
  0.66138562801715695     
  0.66138558002930503     
  0.66138552913060045     
  0.66138547531890479     
  0.66138541859727384     
  0.66138541859727384     
 
 enthalpy     1.0000000000000000     
   554.23225806451615     
   554.26090227386544     
   554.28954648321474     
   554.31819069256414     
   554.34683490191367     
   554.37547911126330     
   554.40412332061305     
   554.43276752996280     
   554.46141173931267     
   554.49005594866264     
   554.51870015801273     
   554.54734436736283     
   554.57598857671314     
   554.60463278606346     
   554.63327699541389     
   554.66192120476444     
   554.69056541411499     
   554.71920962346576     
   554.74785383281653     
   554.77649804216742     
   554.80514225151842     
   554.80514225151842     
 
 density      1.0000000000000000     
   46.623168882945059     
   46.621504440139326     
   46.619839466002901     
   46.618174362331636     
   46.616509129143559     
   46.614843766442149     
   46.613178274230862     
   46.611512652513085     
   46.609846901292251     
   46.608181020571955     
   46.606515010355459     
   46.604848870646315     
   46.603182601447998     
   46.601516202763946     
   46.599849674597628     
   46.598183016952532     
   46.596516229832162     
   46.594849313239997     
   46.593182267179486     
   46.591515091654145     
   46.589847786667512     
   46.589847786667512     
 
 velocity     1.0000000000000000     
   14.996982327614772     
   14.997517708060482     
   14.998053228442004     
   14.998588762821942     
   14.999124311226341     
   14.999659873614268     
   15.000195450022971     
   15.000731040414198     
   15.001266644795979     
   15.001802263192468     
   15.002337895576192     
   15.002873541931036     
   15.003409202294892     
   15.003944876661011     
   15.004480564962702     
   15.005016267297805     
   15.005551983581290     
   15.006087713859303     
   15.006623458122419     
   15.007159216326954     
   15.007694988547073     
   15.007694988547073     
 
 energy       1.0000000000000000     
   544.71127093703660     
   544.71201181934180     
   544.71275270757621     
   544.71349360173974     
   544.71423450183204     
   544.71497540785288     
   544.71571631980214     
   544.71645723767949     
   544.71719816148482     
   544.71793909121777     
   544.71868002687825     
   544.71942096846601     
   544.72016191598084     
   544.72090286942239     
   544.72164382879055     
   544.72238479408509     
   544.72312576530578     
   544.72386674245251     
   544.72460772552483     
   544.72534871452262     
   544.72608970944566     
   544.72686134734658     
 
 pressure     2.0000000000000000     
   587.53918947090506     
   559.56222887808792     
   531.57463853768172     
   503.58804511250798     
   475.60244912295997     
   447.61785064651195     
   419.63424976061640     
   391.65164654272519     
   363.67004107028748     
   335.68943342074897     
   307.70982367155528     
   279.73121190014768     
   251.75359818396689     
   223.77698260045011     
   195.80136522703347     
   167.82674614114902     
   139.85312542022874     
   111.88050314170050     
   83.908879382990648     
   55.938254221523266     
   27.968627734719536     
   0.0000000000000000     
 
 flow_rate    2.0000000000000000     
  0.66138599999999992     
  0.66138600481345466     
  0.66138600481345255     
  0.66138600481345433     
  0.66138600481345400     
  0.66138600481345444     
  0.66138600481345411     
  0.66138600481345333     
  0.66138600481345367     
  0.66138600481345378     
  0.66138600481345322     
  0.66138600481345344     
  0.66138600481345367     
  0.66138600481345333     
  0.66138600481345367     
  0.66138600481345389     
  0.66138600481345333     
  0.66138600481345300     
  0.66138600481345400     
  0.66138600481345367     
  0.66138600481345367     
  0.66138600481345367     
 
 enthalpy     2.0000000000000000     
   554.23225806451615     
   554.26090227040800     
   554.28954647629996     
   554.31819068219181     
   554.34683488808378     
   554.37547909397563     
   554.40412329986748     
   554.43276750575944     
   554.46141171165129     
   554.49005591754326     
   554.51870012343511     
   554.54734432932696     
   554.57598853521893     
   554.60463274111078     
   554.63327694700274     
   554.66192115289459     
   554.69056535878644     
   554.71920956467841     
   554.74785377057026     
   554.77649797646211     
   554.80514218235362     
   554.80514218235362     
 
 density      2.0000000000000000     
   46.623168882945059     
   46.621504441239061     
   46.619839467270403     
   46.618174363772972     
   46.616509130752739     
   46.614843768213490     
   46.613178276158941     
   46.611512654592907     
   46.609846903519085     
   46.608181022941253     
   46.606515012863134     
   46.604848873288603     
   46.603182604221345     
   46.601516205665142     
   46.599849677623780     
   46.598183020101111     
   46.596516233100807     
   46.594849316626750     
   46.593182270682789     
   46.591515095272591     
   46.589847790400086     
   46.589847790400086     
 
 velocity     2.0000000000000000     
   14.996982327614772     
   14.997517846402889     
   14.998053465510372     
   14.998589164550991     
   14.999124943535712     
   14.999660802476422     
   15.000196741384924     
   15.000732760273033     
   15.001268859152649     
   15.001805038035560     
   15.002341296933608     
   15.002877635858633     
   15.003414054822487     
   15.003950553836988     
   15.004487132914013     
   15.005023792065368     
   15.005560531302912     
   15.006097350638496     
   15.006634250083973     
   15.007171229651178     
   15.007708289351955     
   15.007708289351955     
 
 energy       2.0000000000000000     
   544.71127093703660     
   544.71201181934180     
   544.71275270757621     
   544.71349360173974     
   544.71423450183204     
   544.71497540785288     
   544.71571631980214     
   544.71645723767949     
   544.71719816148482     
   544.71793909121777     
   544.71868002687825     
   544.71942096846601     
   544.72016191598084     
   544.72090286942239     
   544.72164382879055     
   544.72238479408509     
   544.72312576530578     
   544.72386674245251     
   544.72460772552483     
   544.72534871452262     
   544.72608970944566     
   544.72686134734658     
 
 pressure     3.0000000000000000     
   587.53918946345448     
   559.56222887063734     
   531.57463852384694     
   503.58804509870606     
   475.60244910921659     
   447.61785063285942     
   419.63424974709767     
   391.65164652939205     
   363.67004105720150     
   335.68943340798165     
   307.70982365918672     
   279.73121188826786     
   251.75359817267528     
   223.77698258985532     
   195.80136521725277     
   167.82674613231012     
   139.85312541246788     
   111.88050313516310     
   83.908879377831894     
   55.938254217907811     
   27.968627732820728     
   0.0000000000000000     
 
 flow_rate    3.0000000000000000     
  0.66138599999999992     
  0.66138600482646015     
  0.66138600482646070     
  0.66138600482646004     
  0.66138600482646015     
  0.66138600482646004     
  0.66138600482646037     
  0.66138600482646037     
  0.66138600482646026     
  0.66138600482646004     
  0.66138600482646082     
  0.66138600482646004     
  0.66138600482645982     
  0.66138600482646037     
  0.66138600482646004     
  0.66138600482645948     
  0.66138600482646059     
  0.66138600482646070     
  0.66138600482645982     
  0.66138600482646015     
  0.66138600482646015     
  0.66138600482646015     
 
 enthalpy     3.0000000000000000     
   554.23225806451615     
   554.26090227040743     
   554.28954647629882     
   554.31819068219011     
   554.34683488808150     
   554.37547909397279     
   554.40412329986418     
   554.43276750575546     
   554.46141171164686     
   554.49005591753814     
   554.51870012342954     
   554.54734432932082     
   554.57598853521222     
   554.60463274110350     
   554.63327694699478     
   554.66192115288618     
   554.69056535877746     
   554.71920956466886     
   554.74785377056014     
   554.77649797645154     
   554.80514218234282     
   554.80514218234282     
 
 density      3.0000000000000000     
   46.623168882945059     
   46.621504441239040     
   46.619839467270424     
   46.618174363772972     
   46.616509130752782     
   46.614843768213547     
   46.613178276159047     
   46.611512654593056     
   46.609846903519248     
   46.608181022941444     
   46.606515012863404     
   46.604848873288852     
   46.603182604221615     
   46.601516205665476     
   46.599849677624135     
   46.598183020101459     
   46.596516233101262     
   46.594849316627247     
   46.593182270683265     
   46.591515095273124     
   46.589847790400640     
   46.589847790400640     
 
 velocity     3.0000000000000000     
   14.996982327614772     
   14.997517846697807     
   14.998053465805349     
   14.998589164845928     
   14.999124943830656     
   14.999660802771357     
   15.000196741679868     
   15.000732760567997     
   15.001268859447604     
   15.001805038330511     
   15.002341297228575     
   15.002877636153597     
   15.003414055117442     
   15.003950554131954     
   15.004487133208970     
   15.005023792360317     
   15.005560531597876     
   15.006097350933466     
   15.006634250378918     
   15.007171229946128     
   15.007708289646912     
   15.007708289646912     
 
 energy       3.0000000000000000     
   544.71127093703660     
   544.71201181934180     
   544.71275270757621     
   544.71349360173974     
   544.71423450183204     
   544.71497540785288     
   544.71571631980214     
   544.71645723767949     
   544.71719816148482     
   544.71793909121777     
   544.71868002687825     
   544.71942096846601     
   544.72016191598084     
   544.72090286942239     
   544.72164382879055     
   544.72238479408509     
   544.72312576530578     
   544.72386674245251     
   544.72460772552483     
   544.72534871452262     
   544.72608970944566     
   544.72686134734658     
 
 pressure     1.0000000000000000     
   587.53918966406070     
   559.56222886708190     
   531.57463852039916     
   503.58804509538027     
   475.60244910601881     
   447.61785062979664     
   419.63424974417643     
   391.65164652661923     
   363.67004105458352     
   335.68943340552511     
   307.70982365689827     
   279.73121188615460     
   251.75359817074303     
   223.77698258811117     
   195.80136521570353     
   167.82674613096211     
   139.85312541132765     
   111.88050313423807     
   83.908879377128244     
   55.938254217431691     
   27.968627732579460     
   0.0000000000000000     
 
 flow_rate    1.0000000000000000     
  0.66138599999999992     
  0.66138600000001568     
  0.66138600000001535     
  0.66138600000001568     
  0.66138600000001591     
  0.66138600000001579     
  0.66138600000001546     
  0.66138600000001546     
  0.66138600000001568     
  0.66138600000001524     
  0.66138600000001591     
  0.66138600000001546     
  0.66138600000001613     
  0.66138600000001557     
  0.66138600000001591     
  0.66138600000001568     
  0.66138600000001546     
  0.66138600000001568     
  0.66138600000001579     
  0.66138600000001591     
  0.66138600000001568     
  0.66138600000001568     
 
 enthalpy     1.0000000000000000     
   554.23225806451615     
   554.26090227061650     
   554.28954647671685     
   554.31819068281720     
   554.34683488891756     
   554.37547909501802     
   554.40412330111837     
   554.43276750721873     
   554.46141171331908     
   554.49005591941943     
   554.51870012551979     
   554.54734433162014     
   554.57598853772049     
   554.60463274382084     
   554.63327694992131     
   554.66192115602166     
   554.69056536212202     
   554.71920956822237     
   554.74785377432272     
   554.77649798042307     
   554.80514218652343     
   554.80514218652343     
 
 density      1.0000000000000000     
   46.623169223177271     
   46.621504441227962     
   46.619839467248269     
   46.618174363739783     
   46.616509130708558     
   46.614843768158259     
   46.613178276092675     
   46.611512654515614     
   46.609846903430764     
   46.608181022841862     
   46.606515012752801     
   46.604848873167150     
   46.603182604088893     
   46.601516205521648     
   46.599849677469237     
   46.598183019935476     
   46.596516232924188     
   46.594849316439117     
   46.593182270484050     
   46.591515095062846     
   46.589847790179256     
   46.589847790179256     
 
 velocity     1.0000000000000000     
   14.996982218174411     
   14.997517737257436     
   14.998053356364611     
   14.998589055404853     
   14.999124834389228     
   14.999660693329581     
   15.000196632237733     
   15.000732651125514     
   15.001268750004773     
   15.001804928887335     
   15.002341187785033     
   15.002877526709725     
   15.003413945673223     
   15.003950444687378     
   15.004487023764057     
   15.005023682915068     
   15.005560422152257     
   15.006097241487499     
   15.006634140932627     
   15.007171120499484     
   15.007708180199925     
   15.007708180199925     
 
 energy       1.0000000000000000     
   544.71126896759847     
   544.74034515545418     
   544.76942133494776     
   544.79849749134746     
   544.82757362464156     
   544.85664973482949     
   544.88572582191148     
   544.91480188588685     
   544.94387792675570     
   544.97295394451749     
   545.00202993917219     
   545.03110591071936     
   545.06018185915900     
   545.08925778449054     
   545.11833368671398     
   545.14740956582909     
   545.17648542183554     
   545.20556125473320     
   545.23463706452151     
   545.26371285120058     
   545.29278861476996     
   545.29356057769553     
 
