 Iterations            1  time    0.0000000000000000     
   3.6227611322560955        8.7478417461141280        7.9624352958115479        55.451773363740230     
 
 Iterations            2  time    0.0000000000000000     
   8.8053814316313189E-004   3.4323117554884838E-003   3.3174416729500715E-003   2.3854609228671244E-002
 
 Iterations            3  time    0.0000000000000000     
   2.3468825869380098E-007   4.3335238957424094E-007   3.6430192696335826E-007   2.3515171940043815E-006
 
 Iterations            4  time    0.0000000000000000     
   1.0442647233095339E-011   3.3619770613213155E-010   3.3603548826144862E-010   2.1575668332370851E-009
 
 Iterations            1  time    1.0000000000000000E-002
   1.7504948101237563E-009   1.4321735774634382E-006   1.4321725078834887E-006   9.2448737294810403E-006
 
 Iterations            2  time    1.0000000000000000E-002
   2.8491955552543170E-011   3.4750808939084324E-011   1.9895518848829704E-011   1.6305959503414101E-011
 
