 pressure     0.0000000000000000     
   587.47781328027202     
   559.50085268745488     
   531.52581005308230     
   503.55076741870943     
   475.57572478433678     
   447.60068214996397     
   419.62563951559122     
   391.65059688121841     
   363.67555424684571     
   335.70051161247295     
   307.72546897810020     
   279.75042634372738     
   251.77538370935466     
   223.80034107498190     
   195.82529844060917     
   167.85025580623642     
   139.87521317186363     
   111.90017053749088     
   83.925127903118124     
   55.950085268745362     
   27.975042634372596     
   0.0000000000000000     
 
 flow_rate    0.0000000000000000     
  0.16534649999999998     
  0.16534649999999998     
  0.16534649999999998     
  0.16534649999999998     
  0.16534649999999998     
  0.16534649999999998     
  0.16534649999999998     
  0.16534649999999998     
  0.16534649999999998     
  0.16534649999999998     
  0.16534649999999998     
  0.16534649999999998     
  0.16534649999999998     
  0.16534649999999998     
  0.16534649999999998     
  0.16534649999999998     
  0.16534649999999998     
  0.16534649999999998     
  0.16534649999999998     
  0.16534649999999998     
  0.16534649999999998     
  0.16534649999999998     
 
 enthalpy     0.0000000000000000     
   554.23225806451615     
   554.23225806451615     
   554.23225806451615     
   554.23225806451615     
   554.23225806451615     
   554.23225806451615     
   554.23225806451615     
   554.23225806451615     
   554.23225806451615     
   554.23225806451615     
   554.23225806451615     
   554.23225806451615     
   554.23225806451615     
   554.23225806451615     
   554.23225806451615     
   554.23225806451615     
   554.23225806451615     
   554.23225806451615     
   554.23225806451615     
   554.23225806451615     
   554.23225806451615     
   554.23225806451615     
 
 density      0.0000000000000000     
   46.623168882945059     
   46.623018508319561     
   46.622868139326606     
   46.622717775966102     
   46.622567418238042     
   46.622417066142319     
   46.622266719679004     
   46.622116378847899     
   46.621966043649010     
   46.621815714082317     
   46.621665390147776     
   46.621515071845252     
   46.621364759174774     
   46.621214452136243     
   46.621064150729580     
   46.620913854954892     
   46.620763564811924     
   46.620613280300780     
   46.620463001421257     
   46.620312728173495     
   46.620162460557310     
   46.620162460557310     
 
 velocity     0.0000000000000000     
   14.996982368572505     
   14.997030738791324     
   14.997079107510356     
   14.997127474729599     
   14.997175840449021     
   14.997224204668626     
   14.997272567388359     
   14.997320928608255     
   14.997369288328272     
   14.997417646548392     
   14.997466003268595     
   14.997514358488887     
   14.997562712209236     
   14.997611064429634     
   14.997659415150078     
   14.997707764370501     
   14.997756112090954     
   14.997804458311368     
   14.997852803031783     
   14.997901146252113     
   14.997949487972393     
   14.997949487972393     
 
 energy       0.0000000000000000     
   544.71127093703660     
   544.71201181934180     
   544.71275270757621     
   544.71349360173974     
   544.71423450183204     
   544.71497540785288     
   544.71571631980214     
   544.71645723767949     
   544.71719816148482     
   544.71793909121777     
   544.71868002687825     
   544.71942096846601     
   544.72016191598084     
   544.72090286942239     
   544.72164382879055     
   544.72238479408509     
   544.72312576530578     
   544.72386674245251     
   544.72460772552483     
   544.72534871452262     
   544.72608970944566     
   544.72686134734658     
 
 pressure     1.0000000000000000     
   588.27917027427770     
   560.30220968146057     
   531.97041522410905     
   503.67191061465883     
   475.40674136785179     
   447.17490832810790     
   418.97641235919008     
   390.81125430481018     
   362.67943502922679     
   334.58095537502334     
   306.51581619139569     
   278.48401833374044     
   250.48556266168100     
   222.52045000779626     
   194.58868122228560     
   166.69025720019116     
   138.82517873981914     
   110.99344672909540     
   83.195061991714070     
   55.430025393635368     
   27.698337790032014     
   0.0000000000000000     
 
 flow_rate    1.0000000000000000     
  0.16534649999999998     
  0.16534601297740475     
  0.16534454916399838     
  0.16534210516190836     
  0.16533867754400680     
  0.16533426287366296     
  0.16532885772652026     
  0.16532245866883966     
  0.16531506228063042     
  0.16530666514075029     
  0.16529726382738658     
  0.16528685491973147     
  0.16527543501274081     
  0.16526300069738756     
  0.16524954854263313     
  0.16523507517367980     
  0.16521957717104610     
  0.16520305115377298     
  0.16518549372429511     
  0.16516690149336347     
  0.16514727109673832     
  0.16514727109673832     
 
 enthalpy     1.0000000000000000     
   554.23225806451615     
   555.28069737832709     
   556.32913669214122     
   557.37757600595864     
   558.42601531977925     
   559.47445463360316     
   560.52289394743025     
   561.57133326126063     
   562.61977257509420     
   563.66821188893118     
   564.71665120277123     
   565.76509051661458     
   566.81352983046122     
   567.86196914431105     
   568.91040845816417     
   569.95884777202048     
   571.00728708588008     
   572.05572639974298     
   573.10416571360906     
   574.15260502747833     
   575.20104434135180     
   575.20104434135180     
 
 density      1.0000000000000000     
   46.623168882945059     
   46.567523215139637     
   46.511726985272425     
   46.455786153211520     
   46.399700277307865     
   46.343468918219216     
   46.287091639197307     
   46.230568006134760     
   46.173897587612068     
   46.117079954944316     
   46.060114682228345     
   46.003001346389979     
   45.945739527231176     
   45.888328807477336     
   45.830768772824889     
   45.773059011988934     
   45.715199116750156     
   45.657188682003685     
   45.599027305805819     
   45.540714589422613     
   45.482250137377491     
   45.482250137377491     
 
 velocity     1.0000000000000000     
   14.996982368572505     
   15.014858724261686     
   15.032737708358237     
   15.050617264008396     
   15.068497391530137     
   15.086378090317226     
   15.104259360725015     
   15.122141202075053     
   15.140023614746669     
   15.157906598796691     
   15.175790153980865     
   15.193674279885004     
   15.211558977261241     
   15.229444246194349     
   15.247330084412628     
   15.265216494480725     
   15.283103474472947     
   15.300991025628969     
   15.318879147239720     
   15.336767838926642     
   15.354657102173482     
   15.354657102173482     
 
 energy       1.0000000000000000     
   544.71127093703660     
   544.71201181934180     
   544.71275270757621     
   544.71349360173974     
   544.71423450183204     
   544.71497540785288     
   544.71571631980214     
   544.71645723767949     
   544.71719816148482     
   544.71793909121777     
   544.71868002687825     
   544.71942096846601     
   544.72016191598084     
   544.72090286942239     
   544.72164382879055     
   544.72238479408509     
   544.72312576530578     
   544.72386674245251     
   544.72460772552483     
   544.72534871452262     
   544.72608970944566     
   544.72686134734658     
 
 pressure     2.0000000000000000     
   588.55546253144666     
   560.57850193862953     
   532.24577534570176     
   503.94456211828839     
   475.67496022645253     
   447.43704293458245     
   419.23088369572025     
   391.05655616760782     
   362.91413420012486     
   334.80369183545201     
   306.72530330745565     
   278.67904304159470     
   250.66498564987245     
   222.68320592973740     
   194.73377886356209     
   166.81677961582940     
   138.93228353131946     
   111.08036613376511     
   83.261103122315021     
   55.474570370098547     
   27.720843923993638     
   0.0000000000000000     
 
 flow_rate    2.0000000000000000     
  0.16534649999999998     
  0.16534651531328926     
  0.16534651531325559     
  0.16534651531394642     
  0.16534651531330757     
  0.16534651531395145     
  0.16534651531434202     
  0.16534651531435940     
  0.16534651531441930     
  0.16534651531487357     
  0.16534651531508410     
  0.16534651531503153     
  0.16534651531510278     
  0.16534651531521818     
  0.16534651531539329     
  0.16534651531561889     
  0.16534651531558206     
  0.16534651531540268     
  0.16534651531543432     
  0.16534651531524786     
  0.16534651531494066     
  0.16534651531494066     
 
 enthalpy     2.0000000000000000     
   554.23225806451615     
   555.28069716210859     
   556.32913625969798     
   557.37757535727928     
   558.42601445484922     
   559.47445355240359     
   560.52289264993863     
   561.57133174744968     
   562.61977084493344     
   563.66820994238719     
   564.71664903980513     
   565.76508813718408     
   566.81352723451914     
   567.86196633180725     
   568.91040542904386     
   569.95884452622579     
   571.00728362334803     
   572.05572272040615     
   573.10416181739583     
   574.15260091431583     
   575.20104001113248     
   575.20104001113248     
 
 density      2.0000000000000000     
   46.623168882945059     
   46.567524717873589     
   46.511728500534645     
   46.455787671328707     
   46.399701788777712     
   46.343470413825372     
   46.287093110017679     
   46.230569443550024     
   46.173898983313975     
   46.117081300943816     
   46.060115970864359     
   46.003002570337152     
   45.945740679508404     
   45.888329881455746     
   45.830769762236073     
   45.773059910932567     
   45.715199919702727     
   45.657189383825660     
   45.599027901750084     
   45.540715075141662     
   45.482250508933234     
   45.482250508933234     
 
 velocity     2.0000000000000000     
   14.996982368572505     
   15.014903856206171     
   15.032915976283199     
   15.051018215641781     
   15.069211212679923     
   15.087495610915369     
   15.105872058176459     
   15.124341207145854     
   15.142903715318253     
   15.161560244983811     
   15.180311463181166     
   15.199158041883862     
   15.218100658020045     
   15.237139993432070     
   15.256276734967926     
   15.275511574510823     
   15.294845208994085     
   15.314278340510635     
   15.333811676336452     
   15.353445928878703     
   15.373181815838850     
   15.373181815838850     
 
 energy       2.0000000000000000     
   544.71127093703660     
   544.71201181934180     
   544.71275270757621     
   544.71349360173974     
   544.71423450183204     
   544.71497540785288     
   544.71571631980214     
   544.71645723767949     
   544.71719816148482     
   544.71793909121777     
   544.71868002687825     
   544.71942096846601     
   544.72016191598084     
   544.72090286942239     
   544.72164382879055     
   544.72238479408509     
   544.72312576530578     
   544.72386674245251     
   544.72460772552483     
   544.72534871452262     
   544.72608970944566     
   544.72686134734658     
 
 pressure     3.0000000000000000     
   588.55571458526333     
   560.57875399244620     
   532.24601702446148     
   503.94480377263778     
   475.67520179458450     
   447.43728426487320     
   419.23112451998037     
   391.05679605647913     
   362.91437252864159     
   334.80392774600097     
   306.72553567089278     
   278.67927041593140     
   250.66520624148146     
   222.68341755306454     
   194.73397889874784     
   166.81696496648297     
   138.93245058141420     
   111.08051070314552     
   83.261220422969060     
   55.474654961056871     
   27.720889663615694     
   0.0000000000000000     
 
 flow_rate    3.0000000000000000     
  0.16534649999999998     
  0.16534652058046340     
  0.16534652058046381     
  0.16534652058046362     
  0.16534652058046326     
  0.16534652058046315     
  0.16534652058046326     
  0.16534652058046292     
  0.16534652058046384     
  0.16534652058046340     
  0.16534652058046381     
  0.16534652058046345     
  0.16534652058046354     
  0.16534652058046337     
  0.16534652058046340     
  0.16534652058046354     
  0.16534652058046359     
  0.16534652058046337     
  0.16534652058046334     
  0.16534652058046337     
  0.16534652058046331     
  0.16534652058046331     
 
 enthalpy     3.0000000000000000     
   554.23225806451615     
   555.28069712871127     
   556.32913619290639     
   557.37757525710163     
   558.42601432129675     
   559.47445338549187     
   560.52289244968699     
   561.57133151388223     
   562.61977057807735     
   563.66820964227247     
   564.71664870646759     
   565.76508777066272     
   566.81352683485795     
   567.86196589905308     
   568.91040496324820     
   569.95884402744332     
   571.00728309163856     
   572.05572215583368     
   573.10416122002880     
   574.15260028422392     
   575.20103934841904     
   575.20103934841904     
 
 density      3.0000000000000000     
   46.623168882945059     
   46.567524721004233     
   46.511728505393734     
   46.455787677980886     
   46.399701797231373     
   46.343470424088011     
   46.287093122096074     
   46.230569457449846     
   46.173898999039572     
   46.117081318498215     
   46.060115990248555     
   46.003002591550299     
   45.945740702547283     
   45.888329906314681     
   45.830769788906494     
   45.773059939402970     
   45.715199949958183     
   45.657189415847540     
   45.599027935515693     
   45.540715110624312     
   45.482250546099884     
   45.482250546099884     
 
 velocity     3.0000000000000000     
   14.996982368572505     
   15.014904333502040     
   15.032916453594883     
   15.051018692882499     
   15.069211689968020     
   15.087496088131564     
   15.105872535341579     
   15.124341684292054     
   15.142904192440307     
   15.161560722044396     
   15.180311940202269     
   15.199158518889774     
   15.218101135000433     
   15.237140470384650     
   15.256277211889978     
   15.275512051401439     
   15.294845685882430     
   15.314278817416128     
   15.333812153247210     
   15.353446405824004     
   15.373182292841195     
   15.373182292841195     
 
 energy       3.0000000000000000     
   544.71127093703660     
   544.71201181934180     
   544.71275270757621     
   544.71349360173974     
   544.71423450183204     
   544.71497540785288     
   544.71571631980214     
   544.71645723767949     
   544.71719816148482     
   544.71793909121777     
   544.71868002687825     
   544.71942096846601     
   544.72016191598084     
   544.72090286942239     
   544.72164382879055     
   544.72238479408509     
   544.72312576530578     
   544.72386674245251     
   544.72460772552483     
   544.72534871452262     
   544.72608970944566     
   544.72686134734658     
 
 pressure     4.0000000000000000     
   588.55571459380121     
   560.57875400098408     
   532.24601702359212     
   503.94480377182441     
   475.67520179382529     
   447.43728426416681     
   419.23112451932622     
   391.05679605587653     
   362.91437252808868     
   334.80392774549898     
   306.72553567043803     
   278.67927041552434     
   250.66520624111962     
   222.68341755274761     
   194.73397889847422     
   166.81696496625190     
   138.93245058122471     
   111.08051070299645     
   83.261220422858656     
   55.474654960984388     
   27.720889663580078     
   0.0000000000000000     
 
 flow_rate    4.0000000000000000     
  0.16534649999999998     
  0.16534652058526858     
  0.16534652058526861     
  0.16534652058526861     
  0.16534652058526858     
  0.16534652058526858     
  0.16534652058526858     
  0.16534652058526858     
  0.16534652058526855     
  0.16534652058526864     
  0.16534652058526861     
  0.16534652058526869     
  0.16534652058526861     
  0.16534652058526864     
  0.16534652058526861     
  0.16534652058526866     
  0.16534652058526866     
  0.16534652058526861     
  0.16534652058526858     
  0.16534652058526864     
  0.16534652058526861     
  0.16534652058526861     
 
 enthalpy     4.0000000000000000     
   554.23225806451615     
   555.28069712868080     
   556.32913619284557     
   557.37757525701022     
   558.42601432117488     
   559.47445338533953     
   560.52289244950430     
   561.57133151366895     
   562.61977057783361     
   563.66820964199826     
   564.71664870616303     
   565.76508777032768     
   566.81352683449234     
   567.86196589865699     
   568.91040496282176     
   569.95884402698641     
   571.00728309115107     
   572.05572215531583     
   573.10416121948049     
   574.15260028364514     
   575.20103934780980     
   575.20103934780980     
 
 density      4.0000000000000000     
   46.623168882945059     
   46.567524721005888     
   46.511728505396960     
   46.455787677985754     
   46.399701797237874     
   46.343470424096154     
   46.287093122105873     
   46.230569457461321     
   46.173898999052717     
   46.117081318513058     
   46.060115990265075     
   46.003002591568546     
   45.945740702567221     
   45.888329906336345     
   45.830769788929878     
   45.773059939428094     
   45.715199949985063     
   45.657189415876147     
   45.599027935546061     
   45.540715110656464     
   45.482250546133812     
   45.482250546133812     
 
 velocity     4.0000000000000000     
   14.996982368572505     
   15.014904333937858     
   15.032916454030680     
   15.051018693318307     
   15.069211690403854     
   15.087496088567399     
   15.105872535777390     
   15.124341684727877     
   15.142904192876028     
   15.161560722480134     
   15.180311940637948     
   15.199158519325458     
   15.218101135436077     
   15.237140470820275     
   15.256277212325564     
   15.275512051836973     
   15.294845686317915     
   15.314278817851587     
   15.333812153682624     
   15.353446406259362     
   15.373182293276502     
   15.373182293276502     
 
 energy       4.0000000000000000     
   544.71127093703660     
   544.71201181934180     
   544.71275270757621     
   544.71349360173974     
   544.71423450183204     
   544.71497540785288     
   544.71571631980214     
   544.71645723767949     
   544.71719816148482     
   544.71793909121777     
   544.71868002687825     
   544.71942096846601     
   544.72016191598084     
   544.72090286942239     
   544.72164382879055     
   544.72238479408509     
   544.72312576530578     
   544.72386674245251     
   544.72460772552483     
   544.72534871452262     
   544.72608970944566     
   544.72686134734658     
 
 pressure     1.0000000000000000     
   588.55571620344813     
   560.57875212756210     
   532.24601520286217     
   503.94480200816071     
   475.67520009142015     
   447.43728262723232     
   419.23112295209478     
   391.05679456260049     
   362.91437111304049     
   334.80392641297129     
   306.72553442474413     
   278.67926926099722     
   250.66520518211334     
   222.68341659363608     
   194.73397804365246     
   166.81696422013533     
   138.93244994824948     
   111.08051018761923     
   83.261220029557009     
   55.474654694256884     
   27.720889527946230     
   0.0000000000000000     
 
 flow_rate    1.0000000000000000     
  0.16534649999999998     
  0.16534650000006640     
  0.16534650000006634     
  0.16534650000006640     
  0.16534650000006634     
  0.16534650000006643     
  0.16534650000006648     
  0.16534650000006648     
  0.16534650000006648     
  0.16534650000006648     
  0.16534650000006643     
  0.16534650000006620     
  0.16534650000006637     
  0.16534650000006645     
  0.16534650000006654     
  0.16534650000006654     
  0.16534650000006634     
  0.16534650000006643     
  0.16534650000006648     
  0.16534650000006659     
  0.16534650000006654     
  0.16534650000006654     
 
 enthalpy     1.0000000000000000     
   554.23225806451615     
   555.28069725920875     
   556.32913645390124     
   557.37757564859385     
   558.42601484328645     
   559.47445403797906     
   560.52289323267155     
   561.57133242736415     
   562.61977162205676     
   563.66821081674937     
   564.71665001144186     
   565.76508920613446     
   566.81352840082707     
   567.86196759551967     
   568.91040679021216     
   569.95884598490477     
   571.00728517959737     
   572.05572437428998     
   573.10416356898247     
   574.15260276367508     
   575.20104195836768     
   575.20104195836768     
 
 density      1.0000000000000000     
   46.623174687425099     
   46.567524714077344     
   46.511728491514347     
   46.455787657113142     
   46.399701769339060     
   46.343470389134886     
   46.287093080045665     
   46.230569408265509     
   46.173898942684509     
   46.117081254935506     
   46.060115919441046     
   46.003002513460721     
   45.945740617138291     
   45.888329813548701     
   45.830769688745804     
   45.773059831809682     
   45.715199834894229     
   45.657189293274804     
   45.599027805395878     
   45.540714972918991     
   45.482250400770404     
   45.482250400770404     
 
 velocity     1.0000000000000000     
   14.996980501482041     
   15.014902466856183     
   15.032914586959501     
   15.051016826268926     
   15.069209823387745     
   15.087494221596181     
   15.105870668862853     
   15.124339817881978     
   15.142902326110892     
   15.161558855808043     
   15.180310074071377     
   15.199156652877031     
   15.218099269118623     
   15.237138604646773     
   15.256275346309181     
   15.275510185991052     
   15.294843820655993     
   15.314276952387383     
   15.333810288430033     
   15.353444541232470     
   15.373180428489597     
   15.373180428489597     
 
 energy       1.0000000000000000     
   544.71123252678331     
   545.74907599023663     
   546.78686409494082     
   547.82459600494360     
   548.86227132344970     
   549.89988965118448     
   550.93745058598552     
   551.97495372277979     
   553.01239865356092     
   554.04978496736589     
   555.08711225025093     
   556.12438008526806     
   557.16158805244140     
   558.19873572874189     
   559.23582268806376     
   560.27284850119872     
   561.30981273581153     
   562.34671495641430     
   563.38355472434068     
   564.42033159772052     
   565.45704513145279     
   565.45782888910571     
 
 pressure     2.0000000000000000     
   588.55571620871524     
   560.57875213282921     
   532.24601520792498     
   503.94480201295380     
   475.67520009594409     
   447.43728263148722     
   419.23112295608121     
   391.05679456631873     
   362.91437111649083     
   334.80392641615407     
   306.72553442765962     
   278.67926926364566     
   250.66520518449494     
   222.68341659575185     
   194.73397804550260     
   166.81696422172016     
   138.93244994956922     
   111.08051018867394     
   83.261220030347559     
   55.474654694783567     
   27.720889528209543     
   0.0000000000000000     
 
 flow_rate    2.0000000000000000     
  0.16534649999999998     
  0.16534650000003046     
  0.16534650000003059     
  0.16534650000003057     
  0.16534650000003059     
  0.16534650000003051     
  0.16534650000003065     
  0.16534650000003062     
  0.16534650000003046     
  0.16534650000003037     
  0.16534650000003057     
  0.16534650000003071     
  0.16534650000003062     
  0.16534650000003059     
  0.16534650000003076     
  0.16534650000003065     
  0.16534650000003054     
  0.16534650000003062     
  0.16534650000003059     
  0.16534650000003057     
  0.16534650000003054     
  0.16534650000003054     
 
 enthalpy     2.0000000000000000     
   554.23225806451615     
   555.28069725920898     
   556.32913645390170     
   557.37757564859453     
   558.42601484328736     
   559.47445403798019     
   560.52289323267291     
   561.57133242736575     
   562.61977162205858     
   563.66821081675141     
   564.71665001144413     
   565.76508920613696     
   566.81352840082980     
   567.86196759552263     
   568.91040679021535     
   569.95884598490818     
   571.00728517960101     
   572.05572437429385     
   573.10416356898656     
   574.15260276367940     
   575.20104195837223     
   575.20104195837223     
 
 density      2.0000000000000000     
   46.623174687425099     
   46.567524714077322     
   46.511728491514347     
   46.455787657113120     
   46.399701769339039     
   46.343470389134822     
   46.287093080045622     
   46.230569408265445     
   46.173898942684389     
   46.117081254935357     
   46.060115919440925     
   46.003002513460636     
   45.945740617138163     
   45.888329813548552     
   45.830769688745683     
   45.773059831809519     
   45.715199834894023     
   45.657189293274605     
   45.599027805395650     
   45.540714972918749     
   45.482250400770141     
   45.482250400770141     
 
 velocity     2.0000000000000000     
   14.996980501482041     
   15.014902466852925     
   15.032914586956251     
   15.051016826265670     
   15.069209823384494     
   15.087494221592923     
   15.105870668859591     
   15.124339817878717     
   15.142902326107631     
   15.161558855804781     
   15.180310074068123     
   15.199156652873796     
   15.218099269115374     
   15.237138604643517     
   15.256275346305920     
   15.275510185987791     
   15.294843820652749     
   15.314276952384132     
   15.333810288426781     
   15.353444541229207     
   15.373180428486339     
   15.373180428486339     
 
 energy       2.0000000000000000     
   544.71123252678331     
   545.74907599023663     
   546.78686409494082     
   547.82459600494360     
   548.86227132344970     
   549.89988965118448     
   550.93745058598552     
   551.97495372277979     
   553.01239865356092     
   554.04978496736589     
   555.08711225025093     
   556.12438008526806     
   557.16158805244140     
   558.19873572874189     
   559.23582268806376     
   560.27284850119872     
   561.30981273581153     
   562.34671495641430     
   563.38355472434068     
   564.42033159772052     
   565.45704513145279     
   565.45782888910571     
 
