 pressure     0.0000000000000000     
   587.47781328027202     
   559.50085268745488     
   531.52581005308230     
   503.55076741870943     
   475.57572478433678     
   447.60068214996397     
   419.62563951559122     
   391.65059688121841     
   363.67555424684571     
   335.70051161247295     
   307.72546897810020     
   279.75042634372738     
   251.77538370935466     
   223.80034107498190     
   195.82529844060917     
   167.85025580623642     
   139.87521317186363     
   111.90017053749088     
   83.925127903118124     
   55.950085268745362     
   27.975042634372596     
   0.0000000000000000     
 
 flow_rate    0.0000000000000000     
  0.66138599999999992     
  0.66138599999999992     
  0.66138599999999992     
  0.66138599999999992     
  0.66138599999999992     
  0.66138599999999992     
  0.66138599999999992     
  0.66138599999999992     
  0.66138599999999992     
  0.66138599999999992     
  0.66138599999999992     
  0.66138599999999992     
  0.66138599999999992     
  0.66138599999999992     
  0.66138599999999992     
  0.66138599999999992     
  0.66138599999999992     
  0.66138599999999992     
  0.66138599999999992     
  0.66138599999999992     
  0.66138599999999992     
  0.66138599999999992     
 
 enthalpy     0.0000000000000000     
   554.23225806451615     
   554.23225806451615     
   554.23225806451615     
   554.23225806451615     
   554.23225806451615     
   554.23225806451615     
   554.23225806451615     
   554.23225806451615     
   554.23225806451615     
   554.23225806451615     
   554.23225806451615     
   554.23225806451615     
   554.23225806451615     
   554.23225806451615     
   554.23225806451615     
   554.23225806451615     
   554.23225806451615     
   554.23225806451615     
   554.23225806451615     
   554.23225806451615     
   554.23225806451615     
   554.23225806451615     
 
 density      0.0000000000000000     
   46.623168882945059     
   46.623018508319561     
   46.622868139326606     
   46.622717775966102     
   46.622567418238042     
   46.622417066142319     
   46.622266719679004     
   46.622116378847899     
   46.621966043649010     
   46.621815714082317     
   46.621665390147776     
   46.621515071845252     
   46.621364759174774     
   46.621214452136243     
   46.621064150729580     
   46.620913854954892     
   46.620763564811924     
   46.620613280300780     
   46.620463001421257     
   46.620312728173495     
   46.620162460557310     
   46.620162460557310     
 
 velocity     0.0000000000000000     
   14.996981644985990     
   14.997030015202474     
   14.997078383919176     
   14.997126751136083     
   14.997175116853171     
   14.997223481070444     
   14.997271843787845     
   14.997320205005403     
   14.997368564723089     
   14.997416922940877     
   14.997465279658742     
   14.997513634876707     
   14.997561988594720     
   14.997610340812784     
   14.997658691530896     
   14.997707040748987     
   14.997755388467107     
   14.997803734685188     
   14.997852079403270     
   14.997900422621269     
   14.997948764339217     
   14.997948764339217     
 
 energy       0.0000000000000000     
   544.71127093703660     
   544.71201181934180     
   544.71275270757621     
   544.71349360173974     
   544.71423450183204     
   544.71497540785288     
   544.71571631980214     
   544.71645723767949     
   544.71719816148482     
   544.71793909121777     
   544.71868002687825     
   544.71942096846601     
   544.72016191598084     
   544.72090286942239     
   544.72164382879055     
   544.72238479408509     
   544.72312576530578     
   544.72386674245251     
   544.72460772552483     
   544.72534871452262     
   544.72608970944566     
   544.72686134734658     
 
 pressure     1.0000000000000000     
   588.27916952092380     
   560.30220892810667     
   531.97041450767733     
   503.67190993649615     
   475.40674072568123     
   447.17490772307787     
   418.97641179410016     
   390.81125377403777     
   362.67943453949817     
   334.58095492241910     
   306.51581577248902     
   278.48401795697589     
   250.48556231579889     
   222.52044970641404     
   194.58868095798110     
   166.69025698137125     
   138.82517855139068     
   110.99344657835145     
   83.195061878313638     
   55.430025308126631     
   27.698337741798905     
   0.0000000000000000     
 
 flow_rate    1.0000000000000000     
  0.66138599999999992     
  0.66138405191034666     
  0.66137819665520214     
  0.66136842065000678     
  0.66135471017894187     
  0.66133705149259436     
  0.66131543091044820     
  0.66128983467262448     
  0.66126024912046499     
  0.66122666056851809     
  0.66118905530566507     
  0.66114741968824697     
  0.66110174004632583     
  0.66105200278564624     
  0.66099819415067085     
  0.66094030068895748     
  0.66087830867805142     
  0.66081220460922485     
  0.66074197491049602     
  0.66066760598714069     
  0.66058908437934905     
  0.66058908437934905     
 
 enthalpy     1.0000000000000000     
   554.23225806451615     
   555.28069737837700     
   556.32913669224138     
   557.37757600610951     
   558.42601531998127     
   559.47445463385657     
   560.52289394773550     
   561.57133326161807     
   562.61977257550427     
   563.66821188939412     
   564.71665120328760     
   565.76509051718460     
   566.81352983108525     
   567.86196914498953     
   568.91040845889745     
   569.95884777280901     
   571.00728708672409     
   572.05572640064281     
   573.10416571456517     
   574.15260502849117     
   575.20104434241989     
   575.20104434241989     
 
 density      1.0000000000000000     
   46.623168882945059     
   46.567523215132958     
   46.511726985263273     
   46.455786153199753     
   46.399700277293562     
   46.343468918202298     
   46.287091639177774     
   46.230568006112570     
   46.173897587587213     
   46.117079954916726     
   46.060114682197948     
   46.003001346356818     
   45.945739527195187     
   45.888328807438533     
   45.830768772783181     
   45.773059011944312     
   45.715199116702557     
   45.657188681953116     
   45.599027305752202     
   45.540714589365869     
   45.482250137317763     
   45.482250137317763     
 
 velocity     1.0000000000000000     
   14.996981644985990     
   15.014857999831328     
   15.032736983031542     
   15.050616537891882     
   15.068496664564163     
   15.086377362376046     
   15.104258632068630     
   15.122140472394509     
   15.140022884219643     
   15.157905867581315     
   15.175789421688020     
   15.193673547033498     
   15.211558243226872     
   15.229443511314763     
   15.247329348302857     
   15.265215757834042     
   15.283102736955515     
   15.300990287255495     
   15.318878408448798     
   15.336767099282719     
   15.354656361172999     
   15.354656361172999     
 
 energy       1.0000000000000000     
   544.71127093703660     
   544.71201181934180     
   544.71275270757621     
   544.71349360173974     
   544.71423450183204     
   544.71497540785288     
   544.71571631980214     
   544.71645723767949     
   544.71719816148482     
   544.71793909121777     
   544.71868002687825     
   544.71942096846601     
   544.72016191598084     
   544.72090286942239     
   544.72164382879055     
   544.72238479408509     
   544.72312576530578     
   544.72386674245251     
   544.72460772552483     
   544.72534871452262     
   544.72608970944566     
   544.72686134734658     
 
 pressure     2.0000000000000000     
   588.55546174352025     
   560.57850115070312     
   532.24577459448506     
   503.94456140433516     
   475.67495955282681     
   447.43704229757833     
   419.23088309841080     
   391.05655560859958     
   362.91413367973837     
   334.80369135344762     
   306.72530286519032     
   278.67904263878364     
   250.66498528589912     
   222.68320560479233     
   194.73377857893516     
   166.81677937096660     
   138.93228332713124     
   111.08036597015683     
   83.261102998832271     
   55.474570287716304     
   27.720843882765404     
   0.0000000000000000     
 
 flow_rate    2.0000000000000000     
  0.66138599999999992     
  0.66138606125488220     
  0.66138606125592470     
  0.66138606125367527     
  0.66138606125432686     
  0.66138606125405763     
  0.66138606125594446     
  0.66138606125606170     
  0.66138606125736676     
  0.66138606125775712     
  0.66138606125803101     
  0.66138606125902033     
  0.66138606126073218     
  0.66138606126028987     
  0.66138606126167176     
  0.66138606126173893     
  0.66138606126133681     
  0.66138606126183441     
  0.66138606126159283     
  0.66138606126080923     
  0.66138606125985444     
  0.66138606125985444     
 
 enthalpy     2.0000000000000000     
   554.23225806451615     
   555.28069716210814     
   556.32913625969752     
   557.37757535727894     
   558.42601445484831     
   559.47445355240257     
   560.52289264993760     
   561.57133174744888     
   562.61977084493401     
   563.66820994238765     
   564.71664903980582     
   565.76508813718613     
   566.81352723452244     
   567.86196633181191     
   568.91040542905023     
   569.95884452623375     
   571.00728362335599     
   572.05572272041593     
   573.10416181740732     
   574.15260091432810     
   575.20104001114953     
   575.20104001114953     
 
 density      2.0000000000000000     
   46.623168882945059     
   46.567524717869418     
   46.511728500530594     
   46.455787671324806     
   46.399701788774131     
   46.343470413821976     
   46.287093110014474     
   46.230569443547026     
   46.173898983311041     
   46.117081300941159     
   46.060115970861837     
   46.003002570334779     
   45.945740679506159     
   45.888329881453650     
   45.830769762234098     
   45.773059910930776     
   45.715199919701107     
   45.657189383824225     
   45.599027901748727     
   45.540715075140554     
   45.482250508932019     
   45.482250508932019     
 
 velocity     2.0000000000000000     
   14.996981644985990     
   15.014903131795474     
   15.032915251030209     
   15.051017489401341     
   15.069210485634601     
   15.087494882922924     
   15.105871329304676     
   15.124340477383944     
   15.142902984685064     
   15.161559513417657     
   15.180310730697160     
   15.199157308517986     
   15.218099923772970     
   15.237139258245506     
   15.256275998873699     
   15.275510837469190     
   15.294844471013658     
   15.314277601620628     
   15.333810936495436     
   15.353445188089390     
   15.373181074103703     
   15.373181074103703     
 
 energy       2.0000000000000000     
   544.71127093703660     
   544.71201181934180     
   544.71275270757621     
   544.71349360173974     
   544.71423450183204     
   544.71497540785288     
   544.71571631980214     
   544.71645723767949     
   544.71719816148482     
   544.71793909121777     
   544.71868002687825     
   544.71942096846601     
   544.72016191598084     
   544.72090286942239     
   544.72164382879055     
   544.72238479408509     
   544.72312576530578     
   544.72386674245251     
   544.72460772552483     
   544.72534871452262     
   544.72608970944566     
   544.72686134734658     
 
 pressure     3.0000000000000000     
   588.55571379691833     
   560.57875320410119     
   532.24601627367178     
   503.94480305959530     
   475.67520111947732     
   447.43728362788966     
   419.23112392131316     
   391.05679549632163     
   362.91437200718684     
   334.80392726344729     
   306.72553522743397     
   278.67927001176787     
   250.66520587681140     
   222.68341722809004     
   194.73397861367067     
   166.81696472150756     
   138.93245037674586     
   111.08051053899126     
   83.261220299536532     
   55.474654878556926     
   27.720889622259435     
   0.0000000000000000     
 
 flow_rate    3.0000000000000000     
  0.66138599999999992     
  0.66138608232179474     
  0.66138608232179441     
  0.66138608232179330     
  0.66138608232179430     
  0.66138608232179508     
  0.66138608232179497     
  0.66138608232179508     
  0.66138608232179485     
  0.66138608232179508     
  0.66138608232179419     
  0.66138608232179363     
  0.66138608232179286     
  0.66138608232179341     
  0.66138608232179352     
  0.66138608232179452     
  0.66138608232179374     
  0.66138608232179374     
  0.66138608232179330     
  0.66138608232179386     
  0.66138608232179430     
  0.66138608232179430     
 
 enthalpy     3.0000000000000000     
   554.23225806451615     
   555.28069712871138     
   556.32913619290662     
   557.37757525710185     
   558.42601432129709     
   559.47445338549232     
   560.52289244968756     
   561.57133151388280     
   562.61977057807803     
   563.66820964227338     
   564.71664870646862     
   565.76508777066385     
   566.81352683485909     
   567.86196589905433     
   568.91040496324956     
   569.95884402744480     
   571.00728309164003     
   572.05572215583527     
   573.10416122003051     
   574.15260028422574     
   575.20103934842098     
   575.20103934842098     
 
 density      3.0000000000000000     
   46.623168882945059     
   46.567524720999955     
   46.511728505389641     
   46.455787677977007     
   46.399701797227635     
   46.343470424084508     
   46.287093122092777     
   46.230569457446727     
   46.173898999036666     
   46.117081318495487     
   46.060115990246011     
   46.003002591547954     
   45.945740702545137     
   45.888329906312784     
   45.830769788904824     
   45.773059939401548     
   45.715199949956926     
   45.657189415846467     
   45.599027935514854     
   45.540715110623751     
   45.482250546099557     
   45.482250546099557     
 
 velocity     3.0000000000000000     
   14.996981644985990     
   15.014903609050856     
   15.032915728274531     
   15.051017966688660     
   15.069210962896404     
   15.087495360177702     
   15.105871806500994     
   15.124340954560331     
   15.142903461812807     
   15.161559990516727     
   15.180311207769758     
   15.199157785547895     
   15.218100400744502     
   15.237139735210040     
   15.256276475791966     
   15.275511314375295     
   15.294844947923387     
   15.314278078519415     
   15.333811413407949     
   15.353445665037331     
   15.373181551102222     
   15.373181551102222     
 
 energy       3.0000000000000000     
   544.71127093703660     
   544.71201181934180     
   544.71275270757621     
   544.71349360173974     
   544.71423450183204     
   544.71497540785288     
   544.71571631980214     
   544.71645723767949     
   544.71719816148482     
   544.71793909121777     
   544.71868002687825     
   544.71942096846601     
   544.72016191598084     
   544.72090286942239     
   544.72164382879055     
   544.72238479408509     
   544.72312576530578     
   544.72386674245251     
   544.72460772552483     
   544.72534871452262     
   544.72608970944566     
   544.72686134734658     
 
 pressure     4.0000000000000000     
   588.55571380545541     
   560.57875321263828     
   532.24601627280231     
   503.94480305878102     
   475.67520111871704     
   447.43728362718338     
   419.23112392065963     
   391.05679549571937     
   362.91437200663484     
   334.80392726294428     
   306.72553522697916     
   278.67927001135962     
   250.66520587644879     
   222.68341722777180     
   194.73397861339637     
   166.81696472127584     
   138.93245037655603     
   111.08051053884131     
   83.261220299425744     
   55.474654878483847     
   27.720889622223531     
   0.0000000000000000     
 
 flow_rate    4.0000000000000000     
  0.66138599999999992     
  0.66138608234101426     
  0.66138608234101459     
  0.66138608234101393     
  0.66138608234101393     
  0.66138608234101381     
  0.66138608234101381     
  0.66138608234101393     
  0.66138608234101370     
  0.66138608234101381     
  0.66138608234101393     
  0.66138608234101370     
  0.66138608234101415     
  0.66138608234101370     
  0.66138608234101370     
  0.66138608234101348     
  0.66138608234101348     
  0.66138608234101393     
  0.66138608234101381     
  0.66138608234101359     
  0.66138608234101393     
  0.66138608234101393     
 
 enthalpy     4.0000000000000000     
   554.23225806451615     
   555.28069712868091     
   556.32913619284568     
   557.37757525701045     
   558.42601432117522     
   559.47445338534010     
   560.52289244950487     
   561.57133151366963     
   562.61977057783440     
   563.66820964199917     
   564.71664870616394     
   565.76508777032871     
   566.81352683449347     
   567.86196589865824     
   568.91040496282312     
   569.95884402698789     
   571.00728309115266     
   572.05572215531743     
   573.10416121948219     
   574.15260028364696     
   575.20103934781173     
   575.20103934781173     
 
 density      4.0000000000000000     
   46.623168882945059     
   46.567524721001647     
   46.511728505392931     
   46.455787677981874     
   46.399701797234151     
   46.343470424092658     
   46.287093122102583     
   46.230569457458202     
   46.173898999049811     
   46.117081318510316     
   46.060115990262545     
   46.003002591566172     
   45.945740702565097     
   45.888329906334427     
   45.830769788928194     
   45.773059939426645     
   45.715199949983763     
   45.657189415875081     
   45.599027935545230     
   45.540715110655881     
   45.482250546133493     
   45.482250546133493     
 
 velocity     4.0000000000000000     
   14.996981644985990     
   15.014903609486636     
   15.032915728710332     
   15.051017967124483     
   15.069210963332194     
   15.087495360613465     
   15.105871806936747     
   15.124340954996066     
   15.142903462248528     
   15.161559990952419     
   15.180311208205445     
   15.199157785983566     
   15.218100401180163     
   15.237139735645655     
   15.256276476227542     
   15.275511314810807     
   15.294844948358874     
   15.314278078954855     
   15.333811413843351     
   15.353445665472666     
   15.373181551537492     
   15.373181551537492     
 
 energy       4.0000000000000000     
   544.71127093703660     
   544.71201181934180     
   544.71275270757621     
   544.71349360173974     
   544.71423450183204     
   544.71497540785288     
   544.71571631980214     
   544.71645723767949     
   544.71719816148482     
   544.71793909121777     
   544.71868002687825     
   544.71942096846601     
   544.72016191598084     
   544.72090286942239     
   544.72164382879055     
   544.72238479408509     
   544.72312576530578     
   544.72386674245251     
   544.72460772552483     
   544.72534871452262     
   544.72608970944566     
   544.72686134734658     
 
 pressure     1.0000000000000000     
   588.55571541510164     
   560.57875133921823     
   532.24601445207406     
   503.94480129511896     
   475.67519941631315     
   447.43728199025020     
   419.23112235342938     
   391.05679400244446     
   362.91437059158773     
   334.80392593041762     
   306.72553398128599     
   278.67926885683329     
   250.66520481744300     
   222.68341626866106     
   194.73397775857507     
   166.81696397515967     
   138.93244974358095     
   111.08051002346423     
   83.261219906124424     
   55.474654611756542     
   27.720889486589620     
   0.0000000000000000     
 
 flow_rate    1.0000000000000000     
  0.66138599999999992     
  0.66138600000026593     
  0.66138600000026593     
  0.66138600000026615     
  0.66138600000026615     
  0.66138600000026604     
  0.66138600000026593     
  0.66138600000026671     
  0.66138600000026582     
  0.66138600000026626     
  0.66138600000026593     
  0.66138600000026682     
  0.66138600000026626     
  0.66138600000026671     
  0.66138600000026604     
  0.66138600000026593     
  0.66138600000026659     
  0.66138600000026671     
  0.66138600000026659     
  0.66138600000026682     
  0.66138600000026637     
  0.66138600000026637     
 
 enthalpy     1.0000000000000000     
   554.23225806451615     
   555.28069725920875     
   556.32913645390124     
   557.37757564859385     
   558.42601484328645     
   559.47445403797906     
   560.52289323267155     
   561.57133242736415     
   562.61977162205676     
   563.66821081674937     
   564.71665001144186     
   565.76508920613446     
   566.81352840082707     
   567.86196759551967     
   568.91040679021216     
   569.95884598490477     
   571.00728517959737     
   572.05572437428998     
   573.10416356898247     
   574.15260276367508     
   575.20104195836768     
   575.20104195836768     
 
 density      1.0000000000000000     
   46.623174687420871     
   46.567524714073080     
   46.511728491510326     
   46.455787657109262     
   46.399701769335373     
   46.343470389131390     
   46.287093080042354     
   46.230569408262433     
   46.173898942681596     
   46.117081254932785     
   46.060115919438530     
   46.003002513458497     
   45.945740617136231     
   45.888329813546868     
   45.830769688744148     
   45.773059831808254     
   45.715199834893063     
   45.657189293273859     
   45.599027805395146     
   45.540714972918508     
   45.482250400770162     
   45.482250400770162     
 
 velocity     1.0000000000000000     
   14.996979777896977     
   15.014901742406426     
   15.032913861640614     
   15.051016100076581     
   15.069209096317557     
   15.087493493643722     
   15.105869940023686     
   15.124339088151640     
   15.142901595484865     
   15.161558124281809     
   15.180309341640351     
   15.199155919536629     
   15.218098534864181     
   15.237137869473635     
   15.256274610212639     
   15.275509448966375     
   15.294843082698437     
   15.314276213492123     
   15.333809548592235     
   15.353443800447257     
   15.373179686752060     
   15.373179686752060     
 
 energy       1.0000000000000000     
   544.71123252680525     
   545.74907599025767     
   546.78686409496083     
   547.82459600496270     
   548.86227132346801     
   549.89988965120199     
   550.93745058600200     
   551.97495372279536     
   553.01239865357570     
   554.04978496737965     
   555.08711225026366     
   556.12438008527988     
   557.16158805245220     
   558.19873572875190     
   559.23582268807274     
   560.27284850120679     
   561.30981273581858     
   562.34671495642033     
   563.38355472434569     
   564.42033159772450     
   565.45704513145574     
   565.45782888910753     
 
 pressure     2.0000000000000000     
   588.55571542036887     
   560.57875134448545     
   532.24601445713688     
   503.94480129991217     
   475.67519942083720     
   447.43728199450533     
   419.23112235741581     
   391.05679400616259     
   362.91437059503829     
   334.80392593360023     
   306.72553398420160     
   278.67926885948185     
   250.66520481982548     
   222.68341627077709     
   194.73397776042549     
   166.81696397674432     
   138.93244974490051     
   111.08051002451944     
   83.261219906915386     
   55.474654612283423     
   27.720889486853054     
   0.0000000000000000     
 
 flow_rate    2.0000000000000000     
  0.66138599999999992     
  0.66138600000012282     
  0.66138600000012238     
  0.66138600000012249     
  0.66138600000012304     
  0.66138600000012282     
  0.66138600000012315     
  0.66138600000012271     
  0.66138600000012293     
  0.66138600000012271     
  0.66138600000012304     
  0.66138600000012304     
  0.66138600000012282     
  0.66138600000012271     
  0.66138600000012315     
  0.66138600000012293     
  0.66138600000012315     
  0.66138600000012282     
  0.66138600000012304     
  0.66138600000012282     
  0.66138600000012293     
  0.66138600000012293     
 
 enthalpy     2.0000000000000000     
   554.23225806451615     
   555.28069725920898     
   556.32913645390170     
   557.37757564859453     
   558.42601484328736     
   559.47445403798019     
   560.52289323267291     
   561.57133242736575     
   562.61977162205858     
   563.66821081675141     
   564.71665001144413     
   565.76508920613696     
   566.81352840082980     
   567.86196759552263     
   568.91040679021535     
   569.95884598490818     
   571.00728517960101     
   572.05572437429385     
   573.10416356898656     
   574.15260276367940     
   575.20104195837223     
   575.20104195837223     
 
 density      2.0000000000000000     
   46.623174687420871     
   46.567524714073095     
   46.511728491510276     
   46.455787657109219     
   46.399701769335358     
   46.343470389131340     
   46.287093080042318     
   46.230569408262348     
   46.173898942681518     
   46.117081254932678     
   46.060115919438431     
   46.003002513458391     
   45.945740617136082     
   45.888329813546697     
   45.830769688743992     
   45.773059831808077     
   45.715199834892886     
   45.657189293273653     
   45.599027805394925     
   45.540714972918259     
   45.482250400769914     
   45.482250400769914     
 
 velocity     2.0000000000000000     
   14.996979777896977     
   15.014901742403175     
   15.032913861637365     
   15.051016100073326     
   15.069209096314303     
   15.087493493640471     
   15.105869940020439     
   15.124339088148377     
   15.142901595481622     
   15.161558124278555     
   15.180309341637107     
   15.199155919533363     
   15.218098534860930     
   15.237137869470374     
   15.256274610209395     
   15.275509448963133     
   15.294843082695181     
   15.314276213488862     
   15.333809548588983     
   15.353443800443998     
   15.373179686748813     
   15.373179686748813     
 
 energy       2.0000000000000000     
   544.71123252680525     
   545.74907599025767     
   546.78686409496083     
   547.82459600496270     
   548.86227132346801     
   549.89988965120199     
   550.93745058600200     
   551.97495372279536     
   553.01239865357570     
   554.04978496737965     
   555.08711225026366     
   556.12438008527988     
   557.16158805245220     
   558.19873572875190     
   559.23582268807274     
   560.27284850120679     
   561.30981273581858     
   562.34671495642033     
   563.38355472434569     
   564.42033159772450     
   565.45704513145574     
   565.45782888910753     
 
