       2001        0.0005100104        0.0091105159                 NaN                 NaN                 NaN
       2002        0.0005081757        0.0091105153                 NaN                 NaN                 NaN
       2003        0.0005063468        0.0091105147                 NaN                 NaN                 NaN
       2004        0.0005045237        0.0091105141                 NaN                 NaN                 NaN
       2005        0.0005027065        0.0091105135                 NaN                 NaN                 NaN
       2006        0.0005008950        0.0091105129                 NaN                 NaN                 NaN
       2007        0.0004990893        0.0091105123                 NaN                 NaN                 NaN
       2008        0.0004972894        0.0091105118                 NaN                 NaN                 NaN
       2009        0.0004954952        0.0091105112                 NaN                 NaN                 NaN
       2010        0.0004937068        0.0091105106                 NaN                 NaN                 NaN
       2011        0.0004919240        0.0091105100                 NaN                 NaN                 NaN
       2012        0.0004901469        0.0091105095                 NaN                 NaN                 NaN
       2013        0.0004883755        0.0091105089                 NaN                 NaN                 NaN
       2014        0.0004866097        0.0091105083                 NaN                 NaN                 NaN
       2015        0.0004848496        0.0091105078                 NaN                 NaN                 NaN
       2016        0.0004830951        0.0091105072                 NaN                 NaN                 NaN
       2017        0.0004813461        0.0091105066                 NaN                 NaN                 NaN
       2018        0.0004796028        0.0091105061                 NaN                 NaN                 NaN
       2019        0.0004778650        0.0091105055                 NaN                 NaN                 NaN
       2020        0.0004761327        0.0091105050                 NaN                 NaN                 NaN
       2021        0.0004744060        0.0091105044                 NaN                 NaN                 NaN
       2022        0.0004726848        0.0091105038                 NaN                 NaN                 NaN
       2023        0.0004709690        0.0091105033                 NaN                 NaN                 NaN
       2024        0.0004692588        0.0091105027                 NaN                 NaN                 NaN
       2025        0.0004675539        0.0091105022                 NaN                 NaN                 NaN
       2026        0.0004658546        0.0091105016                 NaN                 NaN                 NaN
       2027        0.0004641606        0.0091105011                 NaN                 NaN                 NaN
       2028        0.0004624720        0.0091105006                 NaN                 NaN                 NaN
       2029        0.0004607889        0.0091105000                 NaN                 NaN                 NaN
       2030        0.0004591110        0.0091104995                 NaN                 NaN                 NaN
       2031        0.0004574386        0.0091104989                 NaN                 NaN                 NaN
       2032        0.0004557715        0.0091104984                 NaN                 NaN                 NaN
       2033        0.0004541097        0.0091104979                 NaN                 NaN                 NaN
       2034        0.0004524531        0.0091104973                 NaN                 NaN                 NaN
       2035        0.0004508019        0.0091104968                 NaN                 NaN                 NaN
       2036        0.0004491559        0.0091104963                 NaN                 NaN                 NaN
       2037        0.0004475152        0.0091104958                 NaN                 NaN                 NaN
       2038        0.0004458797        0.0091104952                 NaN                 NaN                 NaN
       2039        0.0004442495        0.0091104947                 NaN                 NaN                 NaN
       2040        0.0004426244        0.0091104942                 NaN                 NaN                 NaN
       2041        0.0004410045        0.0091104937                 NaN                 NaN                 NaN
       2042        0.0004393898        0.0091104931                 NaN                 NaN                 NaN
       2043        0.0004377802        0.0091104926                 NaN                 NaN                 NaN
       2044        0.0004361758        0.0091104921                 NaN                 NaN                 NaN
       2045        0.0004345764        0.0091104916                 NaN                 NaN                 NaN
       2046        0.0004329822        0.0091104911                 NaN                 NaN                 NaN
       2047        0.0004313930        0.0091104906                 NaN                 NaN                 NaN
       2048        0.0004298090        0.0091104901                 NaN                 NaN                 NaN
       2049        0.0004282299        0.0091104895                 NaN                 NaN                 NaN
       2050        0.0004266559        0.0091104890                 NaN                 NaN                 NaN
       2051        0.0004250870        0.0091104885                 NaN                 NaN                 NaN
       2052        0.0004235230        0.0091104880                 NaN                 NaN                 NaN
       2053        0.0004219640        0.0091104875                 NaN                 NaN                 NaN
       2054        0.0004204100        0.0091104870                 NaN                 NaN                 NaN
       2055        0.0004188609        0.0091104865                 NaN                 NaN                 NaN
       2056        0.0004173168        0.0091104860                 NaN                 NaN                 NaN
       2057        0.0004157776        0.0091104855                 NaN                 NaN                 NaN
       2058        0.0004142433        0.0091104850                 NaN                 NaN                 NaN
       2059        0.0004127139        0.0091104846                 NaN                 NaN                 NaN
       2060        0.0004111894        0.0091104841                 NaN                 NaN                 NaN
       2061        0.0004096698        0.0091104836                 NaN                 NaN                 NaN
       2062        0.0004081550        0.0091104831                 NaN                 NaN                 NaN
       2063        0.0004066450        0.0091104826                 NaN                 NaN                 NaN
       2064        0.0004051398        0.0091104821                 NaN                 NaN                 NaN
       2065        0.0004036394        0.0091104816                 NaN                 NaN                 NaN
       2066        0.0004021439        0.0091104812                 NaN                 NaN                 NaN
       2067        0.0004006530        0.0091104807                 NaN                 NaN                 NaN
       2068        0.0003991670        0.0091104802                 NaN                 NaN                 NaN
       2069        0.0003976857        0.0091104797                 NaN                 NaN                 NaN
       2070        0.0003962091        0.0091104792                 NaN                 NaN                 NaN
       2071        0.0003947372        0.0091104788                 NaN                 NaN                 NaN
       2072        0.0003932700        0.0091104783                 NaN                 NaN                 NaN
       2073        0.0003918075        0.0091104778                 NaN                 NaN                 NaN
       2074        0.0003903496        0.0091104774                 NaN                 NaN                 NaN
       2075        0.0003888964        0.0091104769                 NaN                 NaN                 NaN
       2076        0.0003874478        0.0091104764                 NaN                 NaN                 NaN
       2077        0.0003860039        0.0091104760                 NaN                 NaN                 NaN
       2078        0.0003845645        0.0091104755                 NaN                 NaN                 NaN
       2079        0.0003831298        0.0091104750                 NaN                 NaN                 NaN
       2080        0.0003816996        0.0091104746                 NaN                 NaN                 NaN
       2081        0.0003802740        0.0091104741                 NaN                 NaN                 NaN
       2082        0.0003788529        0.0091104737                 NaN                 NaN                 NaN
       2083        0.0003774363        0.0091104732                 NaN                 NaN                 NaN
       2084        0.0003760243        0.0091104728                 NaN                 NaN                 NaN
       2085        0.0003746168        0.0091104723                 NaN                 NaN                 NaN
       2086        0.0003732137        0.0091104718                 NaN                 NaN                 NaN
       2087        0.0003718152        0.0091104714                 NaN                 NaN                 NaN
       2088        0.0003704211        0.0091104710                 NaN                 NaN                 NaN
       2089        0.0003690314        0.0091104705                 NaN                 NaN                 NaN
       2090        0.0003676462        0.0091104701                 NaN                 NaN                 NaN
       2091        0.0003662654        0.0091104696                 NaN                 NaN                 NaN
       2092        0.0003648890        0.0091104692                 NaN                 NaN                 NaN
       2093        0.0003635170        0.0091104687                 NaN                 NaN                 NaN
       2094        0.0003621493        0.0091104683                 NaN                 NaN                 NaN
       2095        0.0003607860        0.0091104679                 NaN                 NaN                 NaN
       2096        0.0003594271        0.0091104674                 NaN                 NaN                 NaN
       2097        0.0003580725        0.0091104670                 NaN                 NaN                 NaN
       2098        0.0003567222        0.0091104665                 NaN                 NaN                 NaN
       2099        0.0003553762        0.0091104661                 NaN                 NaN                 NaN
       2100        0.0003540346        0.0091104657                 NaN                 NaN                 NaN
       2101        0.0003540346        0.0091104657                 NaN                 NaN                 NaN
       2102        0.0003540346        0.0091104657                 NaN                 NaN                 NaN
