# vtk DataFile Version 2.0
Scalar Data
ASCII
DATASET UNSTRUCTURED_GRID
FIELD FieldData 2
Time 1 1 double
  1.299999999999977E+01
  dt 1 1 double
  1.000000000000000E-02
POINTS         640 double
 -1.40000000E-02 -1.40000000E-02  0.00000000E+00
  0.00000000E+00 -1.40000000E-02  0.00000000E+00
 -1.40000000E-02  0.00000000E+00  0.00000000E+00
  0.00000000E+00  0.00000000E+00  0.00000000E+00
 -1.40000000E-02 -1.40000000E-02  1.82900000E-01
  0.00000000E+00 -1.40000000E-02  1.82900000E-01
 -1.40000000E-02  0.00000000E+00  1.82900000E-01
  0.00000000E+00  0.00000000E+00  1.82900000E-01
 -1.40000000E-02 -1.40000000E-02  1.82900000E-01
  0.00000000E+00 -1.40000000E-02  1.82900000E-01
 -1.40000000E-02  0.00000000E+00  1.82900000E-01
  0.00000000E+00  0.00000000E+00  1.82900000E-01
 -1.40000000E-02 -1.40000000E-02  3.65800000E-01
  0.00000000E+00 -1.40000000E-02  3.65800000E-01
 -1.40000000E-02  0.00000000E+00  3.65800000E-01
  0.00000000E+00  0.00000000E+00  3.65800000E-01
 -1.40000000E-02 -1.40000000E-02  3.65800000E-01
  0.00000000E+00 -1.40000000E-02  3.65800000E-01
 -1.40000000E-02  0.00000000E+00  3.65800000E-01
  0.00000000E+00  0.00000000E+00  3.65800000E-01
 -1.40000000E-02 -1.40000000E-02  5.48700000E-01
  0.00000000E+00 -1.40000000E-02  5.48700000E-01
 -1.40000000E-02  0.00000000E+00  5.48700000E-01
  0.00000000E+00  0.00000000E+00  5.48700000E-01
 -1.40000000E-02 -1.40000000E-02  5.48700000E-01
  0.00000000E+00 -1.40000000E-02  5.48700000E-01
 -1.40000000E-02  0.00000000E+00  5.48700000E-01
  0.00000000E+00  0.00000000E+00  5.48700000E-01
 -1.40000000E-02 -1.40000000E-02  7.31600000E-01
  0.00000000E+00 -1.40000000E-02  7.31600000E-01
 -1.40000000E-02  0.00000000E+00  7.31600000E-01
  0.00000000E+00  0.00000000E+00  7.31600000E-01
 -1.40000000E-02 -1.40000000E-02  7.31600000E-01
  0.00000000E+00 -1.40000000E-02  7.31600000E-01
 -1.40000000E-02  0.00000000E+00  7.31600000E-01
  0.00000000E+00  0.00000000E+00  7.31600000E-01
 -1.40000000E-02 -1.40000000E-02  9.14500000E-01
  0.00000000E+00 -1.40000000E-02  9.14500000E-01
 -1.40000000E-02  0.00000000E+00  9.14500000E-01
  0.00000000E+00  0.00000000E+00  9.14500000E-01
 -1.40000000E-02 -1.40000000E-02  9.14500000E-01
  0.00000000E+00 -1.40000000E-02  9.14500000E-01
 -1.40000000E-02  0.00000000E+00  9.14500000E-01
  0.00000000E+00  0.00000000E+00  9.14500000E-01
 -1.40000000E-02 -1.40000000E-02  1.09740000E+00
  0.00000000E+00 -1.40000000E-02  1.09740000E+00
 -1.40000000E-02  0.00000000E+00  1.09740000E+00
  0.00000000E+00  0.00000000E+00  1.09740000E+00
 -1.40000000E-02 -1.40000000E-02  1.09740000E+00
  0.00000000E+00 -1.40000000E-02  1.09740000E+00
 -1.40000000E-02  0.00000000E+00  1.09740000E+00
  0.00000000E+00  0.00000000E+00  1.09740000E+00
 -1.40000000E-02 -1.40000000E-02  1.28030000E+00
  0.00000000E+00 -1.40000000E-02  1.28030000E+00
 -1.40000000E-02  0.00000000E+00  1.28030000E+00
  0.00000000E+00  0.00000000E+00  1.28030000E+00
 -1.40000000E-02 -1.40000000E-02  1.28030000E+00
  0.00000000E+00 -1.40000000E-02  1.28030000E+00
 -1.40000000E-02  0.00000000E+00  1.28030000E+00
  0.00000000E+00  0.00000000E+00  1.28030000E+00
 -1.40000000E-02 -1.40000000E-02  1.46320000E+00
  0.00000000E+00 -1.40000000E-02  1.46320000E+00
 -1.40000000E-02  0.00000000E+00  1.46320000E+00
  0.00000000E+00  0.00000000E+00  1.46320000E+00
 -1.40000000E-02 -1.40000000E-02  1.46320000E+00
  0.00000000E+00 -1.40000000E-02  1.46320000E+00
 -1.40000000E-02  0.00000000E+00  1.46320000E+00
  0.00000000E+00  0.00000000E+00  1.46320000E+00
 -1.40000000E-02 -1.40000000E-02  1.64610000E+00
  0.00000000E+00 -1.40000000E-02  1.64610000E+00
 -1.40000000E-02  0.00000000E+00  1.64610000E+00
  0.00000000E+00  0.00000000E+00  1.64610000E+00
 -1.40000000E-02 -1.40000000E-02  1.64610000E+00
  0.00000000E+00 -1.40000000E-02  1.64610000E+00
 -1.40000000E-02  0.00000000E+00  1.64610000E+00
  0.00000000E+00  0.00000000E+00  1.64610000E+00
 -1.40000000E-02 -1.40000000E-02  1.82900000E+00
  0.00000000E+00 -1.40000000E-02  1.82900000E+00
 -1.40000000E-02  0.00000000E+00  1.82900000E+00
  0.00000000E+00  0.00000000E+00  1.82900000E+00
 -1.40000000E-02 -1.40000000E-02  1.82900000E+00
  0.00000000E+00 -1.40000000E-02  1.82900000E+00
 -1.40000000E-02  0.00000000E+00  1.82900000E+00
  0.00000000E+00  0.00000000E+00  1.82900000E+00
 -1.40000000E-02 -1.40000000E-02  2.01190000E+00
  0.00000000E+00 -1.40000000E-02  2.01190000E+00
 -1.40000000E-02  0.00000000E+00  2.01190000E+00
  0.00000000E+00  0.00000000E+00  2.01190000E+00
 -1.40000000E-02 -1.40000000E-02  2.01190000E+00
  0.00000000E+00 -1.40000000E-02  2.01190000E+00
 -1.40000000E-02  0.00000000E+00  2.01190000E+00
  0.00000000E+00  0.00000000E+00  2.01190000E+00
 -1.40000000E-02 -1.40000000E-02  2.19480000E+00
  0.00000000E+00 -1.40000000E-02  2.19480000E+00
 -1.40000000E-02  0.00000000E+00  2.19480000E+00
  0.00000000E+00  0.00000000E+00  2.19480000E+00
 -1.40000000E-02 -1.40000000E-02  2.19480000E+00
  0.00000000E+00 -1.40000000E-02  2.19480000E+00
 -1.40000000E-02  0.00000000E+00  2.19480000E+00
  0.00000000E+00  0.00000000E+00  2.19480000E+00
 -1.40000000E-02 -1.40000000E-02  2.37770000E+00
  0.00000000E+00 -1.40000000E-02  2.37770000E+00
 -1.40000000E-02  0.00000000E+00  2.37770000E+00
  0.00000000E+00  0.00000000E+00  2.37770000E+00
 -1.40000000E-02 -1.40000000E-02  2.37770000E+00
  0.00000000E+00 -1.40000000E-02  2.37770000E+00
 -1.40000000E-02  0.00000000E+00  2.37770000E+00
  0.00000000E+00  0.00000000E+00  2.37770000E+00
 -1.40000000E-02 -1.40000000E-02  2.56060000E+00
  0.00000000E+00 -1.40000000E-02  2.56060000E+00
 -1.40000000E-02  0.00000000E+00  2.56060000E+00
  0.00000000E+00  0.00000000E+00  2.56060000E+00
 -1.40000000E-02 -1.40000000E-02  2.56060000E+00
  0.00000000E+00 -1.40000000E-02  2.56060000E+00
 -1.40000000E-02  0.00000000E+00  2.56060000E+00
  0.00000000E+00  0.00000000E+00  2.56060000E+00
 -1.40000000E-02 -1.40000000E-02  2.74350000E+00
  0.00000000E+00 -1.40000000E-02  2.74350000E+00
 -1.40000000E-02  0.00000000E+00  2.74350000E+00
  0.00000000E+00  0.00000000E+00  2.74350000E+00
 -1.40000000E-02 -1.40000000E-02  2.74350000E+00
  0.00000000E+00 -1.40000000E-02  2.74350000E+00
 -1.40000000E-02  0.00000000E+00  2.74350000E+00
  0.00000000E+00  0.00000000E+00  2.74350000E+00
 -1.40000000E-02 -1.40000000E-02  2.92640000E+00
  0.00000000E+00 -1.40000000E-02  2.92640000E+00
 -1.40000000E-02  0.00000000E+00  2.92640000E+00
  0.00000000E+00  0.00000000E+00  2.92640000E+00
 -1.40000000E-02 -1.40000000E-02  2.92640000E+00
  0.00000000E+00 -1.40000000E-02  2.92640000E+00
 -1.40000000E-02  0.00000000E+00  2.92640000E+00
  0.00000000E+00  0.00000000E+00  2.92640000E+00
 -1.40000000E-02 -1.40000000E-02  3.10930000E+00
  0.00000000E+00 -1.40000000E-02  3.10930000E+00
 -1.40000000E-02  0.00000000E+00  3.10930000E+00
  0.00000000E+00  0.00000000E+00  3.10930000E+00
 -1.40000000E-02 -1.40000000E-02  3.10930000E+00
  0.00000000E+00 -1.40000000E-02  3.10930000E+00
 -1.40000000E-02  0.00000000E+00  3.10930000E+00
  0.00000000E+00  0.00000000E+00  3.10930000E+00
 -1.40000000E-02 -1.40000000E-02  3.29220000E+00
  0.00000000E+00 -1.40000000E-02  3.29220000E+00
 -1.40000000E-02  0.00000000E+00  3.29220000E+00
  0.00000000E+00  0.00000000E+00  3.29220000E+00
 -1.40000000E-02 -1.40000000E-02  3.29220000E+00
  0.00000000E+00 -1.40000000E-02  3.29220000E+00
 -1.40000000E-02  0.00000000E+00  3.29220000E+00
  0.00000000E+00  0.00000000E+00  3.29220000E+00
 -1.40000000E-02 -1.40000000E-02  3.47510000E+00
  0.00000000E+00 -1.40000000E-02  3.47510000E+00
 -1.40000000E-02  0.00000000E+00  3.47510000E+00
  0.00000000E+00  0.00000000E+00  3.47510000E+00
 -1.40000000E-02 -1.40000000E-02  3.47510000E+00
  0.00000000E+00 -1.40000000E-02  3.47510000E+00
 -1.40000000E-02  0.00000000E+00  3.47510000E+00
  0.00000000E+00  0.00000000E+00  3.47510000E+00
 -1.40000000E-02 -1.40000000E-02  3.65800000E+00
  0.00000000E+00 -1.40000000E-02  3.65800000E+00
 -1.40000000E-02  0.00000000E+00  3.65800000E+00
  0.00000000E+00  0.00000000E+00  3.65800000E+00
  0.00000000E+00 -1.40000000E-02  0.00000000E+00
  1.40000000E-02 -1.40000000E-02  0.00000000E+00
  0.00000000E+00  0.00000000E+00  0.00000000E+00
  1.40000000E-02  0.00000000E+00  0.00000000E+00
  0.00000000E+00 -1.40000000E-02  1.82900000E-01
  1.40000000E-02 -1.40000000E-02  1.82900000E-01
  0.00000000E+00  0.00000000E+00  1.82900000E-01
  1.40000000E-02  0.00000000E+00  1.82900000E-01
  0.00000000E+00 -1.40000000E-02  1.82900000E-01
  1.40000000E-02 -1.40000000E-02  1.82900000E-01
  0.00000000E+00  0.00000000E+00  1.82900000E-01
  1.40000000E-02  0.00000000E+00  1.82900000E-01
  0.00000000E+00 -1.40000000E-02  3.65800000E-01
  1.40000000E-02 -1.40000000E-02  3.65800000E-01
  0.00000000E+00  0.00000000E+00  3.65800000E-01
  1.40000000E-02  0.00000000E+00  3.65800000E-01
  0.00000000E+00 -1.40000000E-02  3.65800000E-01
  1.40000000E-02 -1.40000000E-02  3.65800000E-01
  0.00000000E+00  0.00000000E+00  3.65800000E-01
  1.40000000E-02  0.00000000E+00  3.65800000E-01
  0.00000000E+00 -1.40000000E-02  5.48700000E-01
  1.40000000E-02 -1.40000000E-02  5.48700000E-01
  0.00000000E+00  0.00000000E+00  5.48700000E-01
  1.40000000E-02  0.00000000E+00  5.48700000E-01
  0.00000000E+00 -1.40000000E-02  5.48700000E-01
  1.40000000E-02 -1.40000000E-02  5.48700000E-01
  0.00000000E+00  0.00000000E+00  5.48700000E-01
  1.40000000E-02  0.00000000E+00  5.48700000E-01
  0.00000000E+00 -1.40000000E-02  7.31600000E-01
  1.40000000E-02 -1.40000000E-02  7.31600000E-01
  0.00000000E+00  0.00000000E+00  7.31600000E-01
  1.40000000E-02  0.00000000E+00  7.31600000E-01
  0.00000000E+00 -1.40000000E-02  7.31600000E-01
  1.40000000E-02 -1.40000000E-02  7.31600000E-01
  0.00000000E+00  0.00000000E+00  7.31600000E-01
  1.40000000E-02  0.00000000E+00  7.31600000E-01
  0.00000000E+00 -1.40000000E-02  9.14500000E-01
  1.40000000E-02 -1.40000000E-02  9.14500000E-01
  0.00000000E+00  0.00000000E+00  9.14500000E-01
  1.40000000E-02  0.00000000E+00  9.14500000E-01
  0.00000000E+00 -1.40000000E-02  9.14500000E-01
  1.40000000E-02 -1.40000000E-02  9.14500000E-01
  0.00000000E+00  0.00000000E+00  9.14500000E-01
  1.40000000E-02  0.00000000E+00  9.14500000E-01
  0.00000000E+00 -1.40000000E-02  1.09740000E+00
  1.40000000E-02 -1.40000000E-02  1.09740000E+00
  0.00000000E+00  0.00000000E+00  1.09740000E+00
  1.40000000E-02  0.00000000E+00  1.09740000E+00
  0.00000000E+00 -1.40000000E-02  1.09740000E+00
  1.40000000E-02 -1.40000000E-02  1.09740000E+00
  0.00000000E+00  0.00000000E+00  1.09740000E+00
  1.40000000E-02  0.00000000E+00  1.09740000E+00
  0.00000000E+00 -1.40000000E-02  1.28030000E+00
  1.40000000E-02 -1.40000000E-02  1.28030000E+00
  0.00000000E+00  0.00000000E+00  1.28030000E+00
  1.40000000E-02  0.00000000E+00  1.28030000E+00
  0.00000000E+00 -1.40000000E-02  1.28030000E+00
  1.40000000E-02 -1.40000000E-02  1.28030000E+00
  0.00000000E+00  0.00000000E+00  1.28030000E+00
  1.40000000E-02  0.00000000E+00  1.28030000E+00
  0.00000000E+00 -1.40000000E-02  1.46320000E+00
  1.40000000E-02 -1.40000000E-02  1.46320000E+00
  0.00000000E+00  0.00000000E+00  1.46320000E+00
  1.40000000E-02  0.00000000E+00  1.46320000E+00
  0.00000000E+00 -1.40000000E-02  1.46320000E+00
  1.40000000E-02 -1.40000000E-02  1.46320000E+00
  0.00000000E+00  0.00000000E+00  1.46320000E+00
  1.40000000E-02  0.00000000E+00  1.46320000E+00
  0.00000000E+00 -1.40000000E-02  1.64610000E+00
  1.40000000E-02 -1.40000000E-02  1.64610000E+00
  0.00000000E+00  0.00000000E+00  1.64610000E+00
  1.40000000E-02  0.00000000E+00  1.64610000E+00
  0.00000000E+00 -1.40000000E-02  1.64610000E+00
  1.40000000E-02 -1.40000000E-02  1.64610000E+00
  0.00000000E+00  0.00000000E+00  1.64610000E+00
  1.40000000E-02  0.00000000E+00  1.64610000E+00
  0.00000000E+00 -1.40000000E-02  1.82900000E+00
  1.40000000E-02 -1.40000000E-02  1.82900000E+00
  0.00000000E+00  0.00000000E+00  1.82900000E+00
  1.40000000E-02  0.00000000E+00  1.82900000E+00
  0.00000000E+00 -1.40000000E-02  1.82900000E+00
  1.40000000E-02 -1.40000000E-02  1.82900000E+00
  0.00000000E+00  0.00000000E+00  1.82900000E+00
  1.40000000E-02  0.00000000E+00  1.82900000E+00
  0.00000000E+00 -1.40000000E-02  2.01190000E+00
  1.40000000E-02 -1.40000000E-02  2.01190000E+00
  0.00000000E+00  0.00000000E+00  2.01190000E+00
  1.40000000E-02  0.00000000E+00  2.01190000E+00
  0.00000000E+00 -1.40000000E-02  2.01190000E+00
  1.40000000E-02 -1.40000000E-02  2.01190000E+00
  0.00000000E+00  0.00000000E+00  2.01190000E+00
  1.40000000E-02  0.00000000E+00  2.01190000E+00
  0.00000000E+00 -1.40000000E-02  2.19480000E+00
  1.40000000E-02 -1.40000000E-02  2.19480000E+00
  0.00000000E+00  0.00000000E+00  2.19480000E+00
  1.40000000E-02  0.00000000E+00  2.19480000E+00
  0.00000000E+00 -1.40000000E-02  2.19480000E+00
  1.40000000E-02 -1.40000000E-02  2.19480000E+00
  0.00000000E+00  0.00000000E+00  2.19480000E+00
  1.40000000E-02  0.00000000E+00  2.19480000E+00
  0.00000000E+00 -1.40000000E-02  2.37770000E+00
  1.40000000E-02 -1.40000000E-02  2.37770000E+00
  0.00000000E+00  0.00000000E+00  2.37770000E+00
  1.40000000E-02  0.00000000E+00  2.37770000E+00
  0.00000000E+00 -1.40000000E-02  2.37770000E+00
  1.40000000E-02 -1.40000000E-02  2.37770000E+00
  0.00000000E+00  0.00000000E+00  2.37770000E+00
  1.40000000E-02  0.00000000E+00  2.37770000E+00
  0.00000000E+00 -1.40000000E-02  2.56060000E+00
  1.40000000E-02 -1.40000000E-02  2.56060000E+00
  0.00000000E+00  0.00000000E+00  2.56060000E+00
  1.40000000E-02  0.00000000E+00  2.56060000E+00
  0.00000000E+00 -1.40000000E-02  2.56060000E+00
  1.40000000E-02 -1.40000000E-02  2.56060000E+00
  0.00000000E+00  0.00000000E+00  2.56060000E+00
  1.40000000E-02  0.00000000E+00  2.56060000E+00
  0.00000000E+00 -1.40000000E-02  2.74350000E+00
  1.40000000E-02 -1.40000000E-02  2.74350000E+00
  0.00000000E+00  0.00000000E+00  2.74350000E+00
  1.40000000E-02  0.00000000E+00  2.74350000E+00
  0.00000000E+00 -1.40000000E-02  2.74350000E+00
  1.40000000E-02 -1.40000000E-02  2.74350000E+00
  0.00000000E+00  0.00000000E+00  2.74350000E+00
  1.40000000E-02  0.00000000E+00  2.74350000E+00
  0.00000000E+00 -1.40000000E-02  2.92640000E+00
  1.40000000E-02 -1.40000000E-02  2.92640000E+00
  0.00000000E+00  0.00000000E+00  2.92640000E+00
  1.40000000E-02  0.00000000E+00  2.92640000E+00
  0.00000000E+00 -1.40000000E-02  2.92640000E+00
  1.40000000E-02 -1.40000000E-02  2.92640000E+00
  0.00000000E+00  0.00000000E+00  2.92640000E+00
  1.40000000E-02  0.00000000E+00  2.92640000E+00
  0.00000000E+00 -1.40000000E-02  3.10930000E+00
  1.40000000E-02 -1.40000000E-02  3.10930000E+00
  0.00000000E+00  0.00000000E+00  3.10930000E+00
  1.40000000E-02  0.00000000E+00  3.10930000E+00
  0.00000000E+00 -1.40000000E-02  3.10930000E+00
  1.40000000E-02 -1.40000000E-02  3.10930000E+00
  0.00000000E+00  0.00000000E+00  3.10930000E+00
  1.40000000E-02  0.00000000E+00  3.10930000E+00
  0.00000000E+00 -1.40000000E-02  3.29220000E+00
  1.40000000E-02 -1.40000000E-02  3.29220000E+00
  0.00000000E+00  0.00000000E+00  3.29220000E+00
  1.40000000E-02  0.00000000E+00  3.29220000E+00
  0.00000000E+00 -1.40000000E-02  3.29220000E+00
  1.40000000E-02 -1.40000000E-02  3.29220000E+00
  0.00000000E+00  0.00000000E+00  3.29220000E+00
  1.40000000E-02  0.00000000E+00  3.29220000E+00
  0.00000000E+00 -1.40000000E-02  3.47510000E+00
  1.40000000E-02 -1.40000000E-02  3.47510000E+00
  0.00000000E+00  0.00000000E+00  3.47510000E+00
  1.40000000E-02  0.00000000E+00  3.47510000E+00
  0.00000000E+00 -1.40000000E-02  3.47510000E+00
  1.40000000E-02 -1.40000000E-02  3.47510000E+00
  0.00000000E+00  0.00000000E+00  3.47510000E+00
  1.40000000E-02  0.00000000E+00  3.47510000E+00
  0.00000000E+00 -1.40000000E-02  3.65800000E+00
  1.40000000E-02 -1.40000000E-02  3.65800000E+00
  0.00000000E+00  0.00000000E+00  3.65800000E+00
  1.40000000E-02  0.00000000E+00  3.65800000E+00
 -1.40000000E-02  0.00000000E+00  0.00000000E+00
  0.00000000E+00  0.00000000E+00  0.00000000E+00
 -1.40000000E-02  1.40000000E-02  0.00000000E+00
  0.00000000E+00  1.40000000E-02  0.00000000E+00
 -1.40000000E-02  0.00000000E+00  1.82900000E-01
  0.00000000E+00  0.00000000E+00  1.82900000E-01
 -1.40000000E-02  1.40000000E-02  1.82900000E-01
  0.00000000E+00  1.40000000E-02  1.82900000E-01
 -1.40000000E-02  0.00000000E+00  1.82900000E-01
  0.00000000E+00  0.00000000E+00  1.82900000E-01
 -1.40000000E-02  1.40000000E-02  1.82900000E-01
  0.00000000E+00  1.40000000E-02  1.82900000E-01
 -1.40000000E-02  0.00000000E+00  3.65800000E-01
  0.00000000E+00  0.00000000E+00  3.65800000E-01
 -1.40000000E-02  1.40000000E-02  3.65800000E-01
  0.00000000E+00  1.40000000E-02  3.65800000E-01
 -1.40000000E-02  0.00000000E+00  3.65800000E-01
  0.00000000E+00  0.00000000E+00  3.65800000E-01
 -1.40000000E-02  1.40000000E-02  3.65800000E-01
  0.00000000E+00  1.40000000E-02  3.65800000E-01
 -1.40000000E-02  0.00000000E+00  5.48700000E-01
  0.00000000E+00  0.00000000E+00  5.48700000E-01
 -1.40000000E-02  1.40000000E-02  5.48700000E-01
  0.00000000E+00  1.40000000E-02  5.48700000E-01
 -1.40000000E-02  0.00000000E+00  5.48700000E-01
  0.00000000E+00  0.00000000E+00  5.48700000E-01
 -1.40000000E-02  1.40000000E-02  5.48700000E-01
  0.00000000E+00  1.40000000E-02  5.48700000E-01
 -1.40000000E-02  0.00000000E+00  7.31600000E-01
  0.00000000E+00  0.00000000E+00  7.31600000E-01
 -1.40000000E-02  1.40000000E-02  7.31600000E-01
  0.00000000E+00  1.40000000E-02  7.31600000E-01
 -1.40000000E-02  0.00000000E+00  7.31600000E-01
  0.00000000E+00  0.00000000E+00  7.31600000E-01
 -1.40000000E-02  1.40000000E-02  7.31600000E-01
  0.00000000E+00  1.40000000E-02  7.31600000E-01
 -1.40000000E-02  0.00000000E+00  9.14500000E-01
  0.00000000E+00  0.00000000E+00  9.14500000E-01
 -1.40000000E-02  1.40000000E-02  9.14500000E-01
  0.00000000E+00  1.40000000E-02  9.14500000E-01
 -1.40000000E-02  0.00000000E+00  9.14500000E-01
  0.00000000E+00  0.00000000E+00  9.14500000E-01
 -1.40000000E-02  1.40000000E-02  9.14500000E-01
  0.00000000E+00  1.40000000E-02  9.14500000E-01
 -1.40000000E-02  0.00000000E+00  1.09740000E+00
  0.00000000E+00  0.00000000E+00  1.09740000E+00
 -1.40000000E-02  1.40000000E-02  1.09740000E+00
  0.00000000E+00  1.40000000E-02  1.09740000E+00
 -1.40000000E-02  0.00000000E+00  1.09740000E+00
  0.00000000E+00  0.00000000E+00  1.09740000E+00
 -1.40000000E-02  1.40000000E-02  1.09740000E+00
  0.00000000E+00  1.40000000E-02  1.09740000E+00
 -1.40000000E-02  0.00000000E+00  1.28030000E+00
  0.00000000E+00  0.00000000E+00  1.28030000E+00
 -1.40000000E-02  1.40000000E-02  1.28030000E+00
  0.00000000E+00  1.40000000E-02  1.28030000E+00
 -1.40000000E-02  0.00000000E+00  1.28030000E+00
  0.00000000E+00  0.00000000E+00  1.28030000E+00
 -1.40000000E-02  1.40000000E-02  1.28030000E+00
  0.00000000E+00  1.40000000E-02  1.28030000E+00
 -1.40000000E-02  0.00000000E+00  1.46320000E+00
  0.00000000E+00  0.00000000E+00  1.46320000E+00
 -1.40000000E-02  1.40000000E-02  1.46320000E+00
  0.00000000E+00  1.40000000E-02  1.46320000E+00
 -1.40000000E-02  0.00000000E+00  1.46320000E+00
  0.00000000E+00  0.00000000E+00  1.46320000E+00
 -1.40000000E-02  1.40000000E-02  1.46320000E+00
  0.00000000E+00  1.40000000E-02  1.46320000E+00
 -1.40000000E-02  0.00000000E+00  1.64610000E+00
  0.00000000E+00  0.00000000E+00  1.64610000E+00
 -1.40000000E-02  1.40000000E-02  1.64610000E+00
  0.00000000E+00  1.40000000E-02  1.64610000E+00
 -1.40000000E-02  0.00000000E+00  1.64610000E+00
  0.00000000E+00  0.00000000E+00  1.64610000E+00
 -1.40000000E-02  1.40000000E-02  1.64610000E+00
  0.00000000E+00  1.40000000E-02  1.64610000E+00
 -1.40000000E-02  0.00000000E+00  1.82900000E+00
  0.00000000E+00  0.00000000E+00  1.82900000E+00
 -1.40000000E-02  1.40000000E-02  1.82900000E+00
  0.00000000E+00  1.40000000E-02  1.82900000E+00
 -1.40000000E-02  0.00000000E+00  1.82900000E+00
  0.00000000E+00  0.00000000E+00  1.82900000E+00
 -1.40000000E-02  1.40000000E-02  1.82900000E+00
  0.00000000E+00  1.40000000E-02  1.82900000E+00
 -1.40000000E-02  0.00000000E+00  2.01190000E+00
  0.00000000E+00  0.00000000E+00  2.01190000E+00
 -1.40000000E-02  1.40000000E-02  2.01190000E+00
  0.00000000E+00  1.40000000E-02  2.01190000E+00
 -1.40000000E-02  0.00000000E+00  2.01190000E+00
  0.00000000E+00  0.00000000E+00  2.01190000E+00
 -1.40000000E-02  1.40000000E-02  2.01190000E+00
  0.00000000E+00  1.40000000E-02  2.01190000E+00
 -1.40000000E-02  0.00000000E+00  2.19480000E+00
  0.00000000E+00  0.00000000E+00  2.19480000E+00
 -1.40000000E-02  1.40000000E-02  2.19480000E+00
  0.00000000E+00  1.40000000E-02  2.19480000E+00
 -1.40000000E-02  0.00000000E+00  2.19480000E+00
  0.00000000E+00  0.00000000E+00  2.19480000E+00
 -1.40000000E-02  1.40000000E-02  2.19480000E+00
  0.00000000E+00  1.40000000E-02  2.19480000E+00
 -1.40000000E-02  0.00000000E+00  2.37770000E+00
  0.00000000E+00  0.00000000E+00  2.37770000E+00
 -1.40000000E-02  1.40000000E-02  2.37770000E+00
  0.00000000E+00  1.40000000E-02  2.37770000E+00
 -1.40000000E-02  0.00000000E+00  2.37770000E+00
  0.00000000E+00  0.00000000E+00  2.37770000E+00
 -1.40000000E-02  1.40000000E-02  2.37770000E+00
  0.00000000E+00  1.40000000E-02  2.37770000E+00
 -1.40000000E-02  0.00000000E+00  2.56060000E+00
  0.00000000E+00  0.00000000E+00  2.56060000E+00
 -1.40000000E-02  1.40000000E-02  2.56060000E+00
  0.00000000E+00  1.40000000E-02  2.56060000E+00
 -1.40000000E-02  0.00000000E+00  2.56060000E+00
  0.00000000E+00  0.00000000E+00  2.56060000E+00
 -1.40000000E-02  1.40000000E-02  2.56060000E+00
  0.00000000E+00  1.40000000E-02  2.56060000E+00
 -1.40000000E-02  0.00000000E+00  2.74350000E+00
  0.00000000E+00  0.00000000E+00  2.74350000E+00
 -1.40000000E-02  1.40000000E-02  2.74350000E+00
  0.00000000E+00  1.40000000E-02  2.74350000E+00
 -1.40000000E-02  0.00000000E+00  2.74350000E+00
  0.00000000E+00  0.00000000E+00  2.74350000E+00
 -1.40000000E-02  1.40000000E-02  2.74350000E+00
  0.00000000E+00  1.40000000E-02  2.74350000E+00
 -1.40000000E-02  0.00000000E+00  2.92640000E+00
  0.00000000E+00  0.00000000E+00  2.92640000E+00
 -1.40000000E-02  1.40000000E-02  2.92640000E+00
  0.00000000E+00  1.40000000E-02  2.92640000E+00
 -1.40000000E-02  0.00000000E+00  2.92640000E+00
  0.00000000E+00  0.00000000E+00  2.92640000E+00
 -1.40000000E-02  1.40000000E-02  2.92640000E+00
  0.00000000E+00  1.40000000E-02  2.92640000E+00
 -1.40000000E-02  0.00000000E+00  3.10930000E+00
  0.00000000E+00  0.00000000E+00  3.10930000E+00
 -1.40000000E-02  1.40000000E-02  3.10930000E+00
  0.00000000E+00  1.40000000E-02  3.10930000E+00
 -1.40000000E-02  0.00000000E+00  3.10930000E+00
  0.00000000E+00  0.00000000E+00  3.10930000E+00
 -1.40000000E-02  1.40000000E-02  3.10930000E+00
  0.00000000E+00  1.40000000E-02  3.10930000E+00
 -1.40000000E-02  0.00000000E+00  3.29220000E+00
  0.00000000E+00  0.00000000E+00  3.29220000E+00
 -1.40000000E-02  1.40000000E-02  3.29220000E+00
  0.00000000E+00  1.40000000E-02  3.29220000E+00
 -1.40000000E-02  0.00000000E+00  3.29220000E+00
  0.00000000E+00  0.00000000E+00  3.29220000E+00
 -1.40000000E-02  1.40000000E-02  3.29220000E+00
  0.00000000E+00  1.40000000E-02  3.29220000E+00
 -1.40000000E-02  0.00000000E+00  3.47510000E+00
  0.00000000E+00  0.00000000E+00  3.47510000E+00
 -1.40000000E-02  1.40000000E-02  3.47510000E+00
  0.00000000E+00  1.40000000E-02  3.47510000E+00
 -1.40000000E-02  0.00000000E+00  3.47510000E+00
  0.00000000E+00  0.00000000E+00  3.47510000E+00
 -1.40000000E-02  1.40000000E-02  3.47510000E+00
  0.00000000E+00  1.40000000E-02  3.47510000E+00
 -1.40000000E-02  0.00000000E+00  3.65800000E+00
  0.00000000E+00  0.00000000E+00  3.65800000E+00
 -1.40000000E-02  1.40000000E-02  3.65800000E+00
  0.00000000E+00  1.40000000E-02  3.65800000E+00
  0.00000000E+00  0.00000000E+00  0.00000000E+00
  1.40000000E-02  0.00000000E+00  0.00000000E+00
  0.00000000E+00  1.40000000E-02  0.00000000E+00
  1.40000000E-02  1.40000000E-02  0.00000000E+00
  0.00000000E+00  0.00000000E+00  1.82900000E-01
  1.40000000E-02  0.00000000E+00  1.82900000E-01
  0.00000000E+00  1.40000000E-02  1.82900000E-01
  1.40000000E-02  1.40000000E-02  1.82900000E-01
  0.00000000E+00  0.00000000E+00  1.82900000E-01
  1.40000000E-02  0.00000000E+00  1.82900000E-01
  0.00000000E+00  1.40000000E-02  1.82900000E-01
  1.40000000E-02  1.40000000E-02  1.82900000E-01
  0.00000000E+00  0.00000000E+00  3.65800000E-01
  1.40000000E-02  0.00000000E+00  3.65800000E-01
  0.00000000E+00  1.40000000E-02  3.65800000E-01
  1.40000000E-02  1.40000000E-02  3.65800000E-01
  0.00000000E+00  0.00000000E+00  3.65800000E-01
  1.40000000E-02  0.00000000E+00  3.65800000E-01
  0.00000000E+00  1.40000000E-02  3.65800000E-01
  1.40000000E-02  1.40000000E-02  3.65800000E-01
  0.00000000E+00  0.00000000E+00  5.48700000E-01
  1.40000000E-02  0.00000000E+00  5.48700000E-01
  0.00000000E+00  1.40000000E-02  5.48700000E-01
  1.40000000E-02  1.40000000E-02  5.48700000E-01
  0.00000000E+00  0.00000000E+00  5.48700000E-01
  1.40000000E-02  0.00000000E+00  5.48700000E-01
  0.00000000E+00  1.40000000E-02  5.48700000E-01
  1.40000000E-02  1.40000000E-02  5.48700000E-01
  0.00000000E+00  0.00000000E+00  7.31600000E-01
  1.40000000E-02  0.00000000E+00  7.31600000E-01
  0.00000000E+00  1.40000000E-02  7.31600000E-01
  1.40000000E-02  1.40000000E-02  7.31600000E-01
  0.00000000E+00  0.00000000E+00  7.31600000E-01
  1.40000000E-02  0.00000000E+00  7.31600000E-01
  0.00000000E+00  1.40000000E-02  7.31600000E-01
  1.40000000E-02  1.40000000E-02  7.31600000E-01
  0.00000000E+00  0.00000000E+00  9.14500000E-01
  1.40000000E-02  0.00000000E+00  9.14500000E-01
  0.00000000E+00  1.40000000E-02  9.14500000E-01
  1.40000000E-02  1.40000000E-02  9.14500000E-01
  0.00000000E+00  0.00000000E+00  9.14500000E-01
  1.40000000E-02  0.00000000E+00  9.14500000E-01
  0.00000000E+00  1.40000000E-02  9.14500000E-01
  1.40000000E-02  1.40000000E-02  9.14500000E-01
  0.00000000E+00  0.00000000E+00  1.09740000E+00
  1.40000000E-02  0.00000000E+00  1.09740000E+00
  0.00000000E+00  1.40000000E-02  1.09740000E+00
  1.40000000E-02  1.40000000E-02  1.09740000E+00
  0.00000000E+00  0.00000000E+00  1.09740000E+00
  1.40000000E-02  0.00000000E+00  1.09740000E+00
  0.00000000E+00  1.40000000E-02  1.09740000E+00
  1.40000000E-02  1.40000000E-02  1.09740000E+00
  0.00000000E+00  0.00000000E+00  1.28030000E+00
  1.40000000E-02  0.00000000E+00  1.28030000E+00
  0.00000000E+00  1.40000000E-02  1.28030000E+00
  1.40000000E-02  1.40000000E-02  1.28030000E+00
  0.00000000E+00  0.00000000E+00  1.28030000E+00
  1.40000000E-02  0.00000000E+00  1.28030000E+00
  0.00000000E+00  1.40000000E-02  1.28030000E+00
  1.40000000E-02  1.40000000E-02  1.28030000E+00
  0.00000000E+00  0.00000000E+00  1.46320000E+00
  1.40000000E-02  0.00000000E+00  1.46320000E+00
  0.00000000E+00  1.40000000E-02  1.46320000E+00
  1.40000000E-02  1.40000000E-02  1.46320000E+00
  0.00000000E+00  0.00000000E+00  1.46320000E+00
  1.40000000E-02  0.00000000E+00  1.46320000E+00
  0.00000000E+00  1.40000000E-02  1.46320000E+00
  1.40000000E-02  1.40000000E-02  1.46320000E+00
  0.00000000E+00  0.00000000E+00  1.64610000E+00
  1.40000000E-02  0.00000000E+00  1.64610000E+00
  0.00000000E+00  1.40000000E-02  1.64610000E+00
  1.40000000E-02  1.40000000E-02  1.64610000E+00
  0.00000000E+00  0.00000000E+00  1.64610000E+00
  1.40000000E-02  0.00000000E+00  1.64610000E+00
  0.00000000E+00  1.40000000E-02  1.64610000E+00
  1.40000000E-02  1.40000000E-02  1.64610000E+00
  0.00000000E+00  0.00000000E+00  1.82900000E+00
  1.40000000E-02  0.00000000E+00  1.82900000E+00
  0.00000000E+00  1.40000000E-02  1.82900000E+00
  1.40000000E-02  1.40000000E-02  1.82900000E+00
  0.00000000E+00  0.00000000E+00  1.82900000E+00
  1.40000000E-02  0.00000000E+00  1.82900000E+00
  0.00000000E+00  1.40000000E-02  1.82900000E+00
  1.40000000E-02  1.40000000E-02  1.82900000E+00
  0.00000000E+00  0.00000000E+00  2.01190000E+00
  1.40000000E-02  0.00000000E+00  2.01190000E+00
  0.00000000E+00  1.40000000E-02  2.01190000E+00
  1.40000000E-02  1.40000000E-02  2.01190000E+00
  0.00000000E+00  0.00000000E+00  2.01190000E+00
  1.40000000E-02  0.00000000E+00  2.01190000E+00
  0.00000000E+00  1.40000000E-02  2.01190000E+00
  1.40000000E-02  1.40000000E-02  2.01190000E+00
  0.00000000E+00  0.00000000E+00  2.19480000E+00
  1.40000000E-02  0.00000000E+00  2.19480000E+00
  0.00000000E+00  1.40000000E-02  2.19480000E+00
  1.40000000E-02  1.40000000E-02  2.19480000E+00
  0.00000000E+00  0.00000000E+00  2.19480000E+00
  1.40000000E-02  0.00000000E+00  2.19480000E+00
  0.00000000E+00  1.40000000E-02  2.19480000E+00
  1.40000000E-02  1.40000000E-02  2.19480000E+00
  0.00000000E+00  0.00000000E+00  2.37770000E+00
  1.40000000E-02  0.00000000E+00  2.37770000E+00
  0.00000000E+00  1.40000000E-02  2.37770000E+00
  1.40000000E-02  1.40000000E-02  2.37770000E+00
  0.00000000E+00  0.00000000E+00  2.37770000E+00
  1.40000000E-02  0.00000000E+00  2.37770000E+00
  0.00000000E+00  1.40000000E-02  2.37770000E+00
  1.40000000E-02  1.40000000E-02  2.37770000E+00
  0.00000000E+00  0.00000000E+00  2.56060000E+00
  1.40000000E-02  0.00000000E+00  2.56060000E+00
  0.00000000E+00  1.40000000E-02  2.56060000E+00
  1.40000000E-02  1.40000000E-02  2.56060000E+00
  0.00000000E+00  0.00000000E+00  2.56060000E+00
  1.40000000E-02  0.00000000E+00  2.56060000E+00
  0.00000000E+00  1.40000000E-02  2.56060000E+00
  1.40000000E-02  1.40000000E-02  2.56060000E+00
  0.00000000E+00  0.00000000E+00  2.74350000E+00
  1.40000000E-02  0.00000000E+00  2.74350000E+00
  0.00000000E+00  1.40000000E-02  2.74350000E+00
  1.40000000E-02  1.40000000E-02  2.74350000E+00
  0.00000000E+00  0.00000000E+00  2.74350000E+00
  1.40000000E-02  0.00000000E+00  2.74350000E+00
  0.00000000E+00  1.40000000E-02  2.74350000E+00
  1.40000000E-02  1.40000000E-02  2.74350000E+00
  0.00000000E+00  0.00000000E+00  2.92640000E+00
  1.40000000E-02  0.00000000E+00  2.92640000E+00
  0.00000000E+00  1.40000000E-02  2.92640000E+00
  1.40000000E-02  1.40000000E-02  2.92640000E+00
  0.00000000E+00  0.00000000E+00  2.92640000E+00
  1.40000000E-02  0.00000000E+00  2.92640000E+00
  0.00000000E+00  1.40000000E-02  2.92640000E+00
  1.40000000E-02  1.40000000E-02  2.92640000E+00
  0.00000000E+00  0.00000000E+00  3.10930000E+00
  1.40000000E-02  0.00000000E+00  3.10930000E+00
  0.00000000E+00  1.40000000E-02  3.10930000E+00
  1.40000000E-02  1.40000000E-02  3.10930000E+00
  0.00000000E+00  0.00000000E+00  3.10930000E+00
  1.40000000E-02  0.00000000E+00  3.10930000E+00
  0.00000000E+00  1.40000000E-02  3.10930000E+00
  1.40000000E-02  1.40000000E-02  3.10930000E+00
  0.00000000E+00  0.00000000E+00  3.29220000E+00
  1.40000000E-02  0.00000000E+00  3.29220000E+00
  0.00000000E+00  1.40000000E-02  3.29220000E+00
  1.40000000E-02  1.40000000E-02  3.29220000E+00
  0.00000000E+00  0.00000000E+00  3.29220000E+00
  1.40000000E-02  0.00000000E+00  3.29220000E+00
  0.00000000E+00  1.40000000E-02  3.29220000E+00
  1.40000000E-02  1.40000000E-02  3.29220000E+00
  0.00000000E+00  0.00000000E+00  3.47510000E+00
  1.40000000E-02  0.00000000E+00  3.47510000E+00
  0.00000000E+00  1.40000000E-02  3.47510000E+00
  1.40000000E-02  1.40000000E-02  3.47510000E+00
  0.00000000E+00  0.00000000E+00  3.47510000E+00
  1.40000000E-02  0.00000000E+00  3.47510000E+00
  0.00000000E+00  1.40000000E-02  3.47510000E+00
  1.40000000E-02  1.40000000E-02  3.47510000E+00
  0.00000000E+00  0.00000000E+00  3.65800000E+00
  1.40000000E-02  0.00000000E+00  3.65800000E+00
  0.00000000E+00  1.40000000E-02  3.65800000E+00
  1.40000000E-02  1.40000000E-02  3.65800000E+00
CELLS        80       720
         8         0         1         2         3         4         5         6         7
         8         8         9        10        11        12        13        14        15
         8        16        17        18        19        20        21        22        23
         8        24        25        26        27        28        29        30        31
         8        32        33        34        35        36        37        38        39
         8        40        41        42        43        44        45        46        47
         8        48        49        50        51        52        53        54        55
         8        56        57        58        59        60        61        62        63
         8        64        65        66        67        68        69        70        71
         8        72        73        74        75        76        77        78        79
         8        80        81        82        83        84        85        86        87
         8        88        89        90        91        92        93        94        95
         8        96        97        98        99       100       101       102       103
         8       104       105       106       107       108       109       110       111
         8       112       113       114       115       116       117       118       119
         8       120       121       122       123       124       125       126       127
         8       128       129       130       131       132       133       134       135
         8       136       137       138       139       140       141       142       143
         8       144       145       146       147       148       149       150       151
         8       152       153       154       155       156       157       158       159
         8       160       161       162       163       164       165       166       167
         8       168       169       170       171       172       173       174       175
         8       176       177       178       179       180       181       182       183
         8       184       185       186       187       188       189       190       191
         8       192       193       194       195       196       197       198       199
         8       200       201       202       203       204       205       206       207
         8       208       209       210       211       212       213       214       215
         8       216       217       218       219       220       221       222       223
         8       224       225       226       227       228       229       230       231
         8       232       233       234       235       236       237       238       239
         8       240       241       242       243       244       245       246       247
         8       248       249       250       251       252       253       254       255
         8       256       257       258       259       260       261       262       263
         8       264       265       266       267       268       269       270       271
         8       272       273       274       275       276       277       278       279
         8       280       281       282       283       284       285       286       287
         8       288       289       290       291       292       293       294       295
         8       296       297       298       299       300       301       302       303
         8       304       305       306       307       308       309       310       311
         8       312       313       314       315       316       317       318       319
         8       320       321       322       323       324       325       326       327
         8       328       329       330       331       332       333       334       335
         8       336       337       338       339       340       341       342       343
         8       344       345       346       347       348       349       350       351
         8       352       353       354       355       356       357       358       359
         8       360       361       362       363       364       365       366       367
         8       368       369       370       371       372       373       374       375
         8       376       377       378       379       380       381       382       383
         8       384       385       386       387       388       389       390       391
         8       392       393       394       395       396       397       398       399
         8       400       401       402       403       404       405       406       407
         8       408       409       410       411       412       413       414       415
         8       416       417       418       419       420       421       422       423
         8       424       425       426       427       428       429       430       431
         8       432       433       434       435       436       437       438       439
         8       440       441       442       443       444       445       446       447
         8       448       449       450       451       452       453       454       455
         8       456       457       458       459       460       461       462       463
         8       464       465       466       467       468       469       470       471
         8       472       473       474       475       476       477       478       479
         8       480       481       482       483       484       485       486       487
         8       488       489       490       491       492       493       494       495
         8       496       497       498       499       500       501       502       503
         8       504       505       506       507       508       509       510       511
         8       512       513       514       515       516       517       518       519
         8       520       521       522       523       524       525       526       527
         8       528       529       530       531       532       533       534       535
         8       536       537       538       539       540       541       542       543
         8       544       545       546       547       548       549       550       551
         8       552       553       554       555       556       557       558       559
         8       560       561       562       563       564       565       566       567
         8       568       569       570       571       572       573       574       575
         8       576       577       578       579       580       581       582       583
         8       584       585       586       587       588       589       590       591
         8       592       593       594       595       596       597       598       599
         8       600       601       602       603       604       605       606       607
         8       608       609       610       611       612       613       614       615
         8       616       617       618       619       620       621       622       623
         8       624       625       626       627       628       629       630       631
         8       632       633       634       635       636       637       638       639
CELL_TYPES      80
11
11
11
11
11
11
11
11
11
11
11
11
11
11
11
11
11
11
11
11
11
11
11
11
11
11
11
11
11
11
11
11
11
11
11
11
11
11
11
11
11
11
11
11
11
11
11
11
11
11
11
11
11
11
11
11
11
11
11
11
11
11
11
11
11
11
11
11
11
11
11
11
11
11
11
11
11
11
11
11
CELL_DATA      80
SCALARS Liquid_Volume_Fraction float
LOOKUP_TABLE default
  1.000000000000000E+00
  1.000000000000000E+00
  1.000000000000000E+00
  1.000000000000000E+00
  1.000000000000000E+00
  1.000000000000000E+00
  1.000000000000000E+00
  1.000000000000000E+00
  1.000000000000000E+00
  1.000000000000000E+00
  1.000000000000000E+00
  1.000000000000000E+00
  1.000000000000000E+00
  1.000000000000000E+00
  1.000000000000000E+00
  1.000000000000000E+00
  1.000000000000000E+00
  1.000000000000000E+00
  1.000000000000000E+00
  1.000000000000000E+00
  1.000000000000000E+00
  1.000000000000000E+00
  1.000000000000000E+00
  1.000000000000000E+00
  1.000000000000000E+00
  1.000000000000000E+00
  1.000000000000000E+00
  1.000000000000000E+00
  1.000000000000000E+00
  1.000000000000000E+00
  1.000000000000000E+00
  1.000000000000000E+00
  1.000000000000000E+00
  1.000000000000000E+00
  1.000000000000000E+00
  1.000000000000000E+00
  1.000000000000000E+00
  1.000000000000000E+00
  1.000000000000000E+00
  1.000000000000000E+00
  1.000000000000000E+00
  1.000000000000000E+00
  1.000000000000000E+00
  1.000000000000000E+00
  1.000000000000000E+00
  1.000000000000000E+00
  1.000000000000000E+00
  1.000000000000000E+00
  1.000000000000000E+00
  1.000000000000000E+00
  1.000000000000000E+00
  1.000000000000000E+00
  1.000000000000000E+00
  1.000000000000000E+00
  1.000000000000000E+00
  1.000000000000000E+00
  1.000000000000000E+00
  1.000000000000000E+00
  1.000000000000000E+00
  1.000000000000000E+00
  1.000000000000000E+00
  1.000000000000000E+00
  1.000000000000000E+00
  1.000000000000000E+00
  1.000000000000000E+00
  1.000000000000000E+00
  1.000000000000000E+00
  1.000000000000000E+00
  1.000000000000000E+00
  1.000000000000000E+00
  1.000000000000000E+00
  1.000000000000000E+00
  1.000000000000000E+00
  1.000000000000000E+00
  1.000000000000000E+00
  1.000000000000000E+00
  1.000000000000000E+00
  1.000000000000000E+00
  1.000000000000000E+00
  1.000000000000000E+00
SCALARS Entrained_Volume_Fraction float
LOOKUP_TABLE default
  0.000000000000000E+00
  0.000000000000000E+00
  0.000000000000000E+00
  0.000000000000000E+00
  0.000000000000000E+00
  0.000000000000000E+00
  0.000000000000000E+00
  0.000000000000000E+00
  0.000000000000000E+00
  0.000000000000000E+00
  0.000000000000000E+00
  0.000000000000000E+00
  0.000000000000000E+00
  0.000000000000000E+00
  0.000000000000000E+00
  0.000000000000000E+00
  0.000000000000000E+00
  0.000000000000000E+00
  0.000000000000000E+00
  0.000000000000000E+00
  0.000000000000000E+00
  0.000000000000000E+00
  0.000000000000000E+00
  0.000000000000000E+00
  0.000000000000000E+00
  0.000000000000000E+00
  0.000000000000000E+00
  0.000000000000000E+00
  0.000000000000000E+00
  0.000000000000000E+00
  0.000000000000000E+00
  0.000000000000000E+00
  0.000000000000000E+00
  0.000000000000000E+00
  0.000000000000000E+00
  0.000000000000000E+00
  0.000000000000000E+00
  0.000000000000000E+00
  0.000000000000000E+00
  0.000000000000000E+00
  0.000000000000000E+00
  0.000000000000000E+00
  0.000000000000000E+00
  0.000000000000000E+00
  0.000000000000000E+00
  0.000000000000000E+00
  0.000000000000000E+00
  0.000000000000000E+00
  0.000000000000000E+00
  0.000000000000000E+00
  0.000000000000000E+00
  0.000000000000000E+00
  0.000000000000000E+00
  0.000000000000000E+00
  0.000000000000000E+00
  0.000000000000000E+00
  0.000000000000000E+00
  0.000000000000000E+00
  0.000000000000000E+00
  0.000000000000000E+00
  0.000000000000000E+00
  0.000000000000000E+00
  0.000000000000000E+00
  0.000000000000000E+00
  0.000000000000000E+00
  0.000000000000000E+00
  0.000000000000000E+00
  0.000000000000000E+00
  0.000000000000000E+00
  0.000000000000000E+00
  0.000000000000000E+00
  0.000000000000000E+00
  0.000000000000000E+00
  0.000000000000000E+00
  0.000000000000000E+00
  0.000000000000000E+00
  0.000000000000000E+00
  0.000000000000000E+00
  0.000000000000000E+00
  0.000000000000000E+00
SCALARS Vapor_Volume_Fraction float
LOOKUP_TABLE default
  0.000000000000000E+00
  0.000000000000000E+00
  0.000000000000000E+00
  0.000000000000000E+00
  0.000000000000000E+00
  0.000000000000000E+00
  0.000000000000000E+00
  0.000000000000000E+00
  0.000000000000000E+00
  0.000000000000000E+00
  0.000000000000000E+00
  0.000000000000000E+00
  0.000000000000000E+00
  0.000000000000000E+00
  0.000000000000000E+00
  0.000000000000000E+00
  0.000000000000000E+00
  0.000000000000000E+00
  0.000000000000000E+00
  0.000000000000000E+00
  0.000000000000000E+00
  0.000000000000000E+00
  0.000000000000000E+00
  0.000000000000000E+00
  0.000000000000000E+00
  0.000000000000000E+00
  0.000000000000000E+00
  0.000000000000000E+00
  0.000000000000000E+00
  0.000000000000000E+00
  0.000000000000000E+00
  0.000000000000000E+00
  0.000000000000000E+00
  0.000000000000000E+00
  0.000000000000000E+00
  0.000000000000000E+00
  0.000000000000000E+00
  0.000000000000000E+00
  0.000000000000000E+00
  0.000000000000000E+00
  0.000000000000000E+00
  0.000000000000000E+00
  0.000000000000000E+00
  0.000000000000000E+00
  0.000000000000000E+00
  0.000000000000000E+00
  0.000000000000000E+00
  0.000000000000000E+00
  0.000000000000000E+00
  0.000000000000000E+00
  0.000000000000000E+00
  0.000000000000000E+00
  0.000000000000000E+00
  0.000000000000000E+00
  0.000000000000000E+00
  0.000000000000000E+00
  0.000000000000000E+00
  0.000000000000000E+00
  0.000000000000000E+00
  0.000000000000000E+00
  0.000000000000000E+00
  0.000000000000000E+00
  0.000000000000000E+00
  0.000000000000000E+00
  0.000000000000000E+00
  0.000000000000000E+00
  0.000000000000000E+00
  0.000000000000000E+00
  0.000000000000000E+00
  0.000000000000000E+00
  0.000000000000000E+00
  0.000000000000000E+00
  0.000000000000000E+00
  0.000000000000000E+00
  0.000000000000000E+00
  0.000000000000000E+00
  0.000000000000000E+00
  0.000000000000000E+00
  0.000000000000000E+00
  0.000000000000000E+00
SCALARS Pressure float
LOOKUP_TABLE default
  1.652684037905406E+02
  1.652548401169852E+02
  1.652412914028598E+02
  1.652277576642969E+02
  1.652142389277367E+02
  1.652007352194285E+02
  1.651872465622963E+02
  1.651737729834978E+02
  1.651603145094281E+02
  1.651468711657642E+02
  1.651334429778632E+02
  1.651200299708191E+02
  1.651066321694751E+02
  1.650932495984245E+02
  1.650798822820070E+02
  1.650665302443037E+02
  1.650531935010104E+02
  1.650398720806990E+02
  1.650265660081030E+02
  1.650132753068415E+02
  1.652684037905407E+02
  1.652548401169853E+02
  1.652412914028599E+02
  1.652277576642969E+02
  1.652142389277368E+02
  1.652007352194285E+02
  1.651872465622963E+02
  1.651737729834979E+02
  1.651603145094282E+02
  1.651468711657643E+02
  1.651334429778632E+02
  1.651200299708191E+02
  1.651066321694752E+02
  1.650932495984245E+02
  1.650798822820070E+02
  1.650665302443037E+02
  1.650531935010104E+02
  1.650398720806990E+02
  1.650265660081030E+02
  1.650132753068415E+02
  1.652684037905407E+02
  1.652548401169853E+02
  1.652412914028599E+02
  1.652277576642969E+02
  1.652142389277368E+02
  1.652007352194285E+02
  1.651872465622963E+02
  1.651737729834979E+02
  1.651603145094282E+02
  1.651468711657643E+02
  1.651334429778632E+02
  1.651200299708191E+02
  1.651066321694752E+02
  1.650932495984245E+02
  1.650798822820070E+02
  1.650665302443037E+02
  1.650531935010104E+02
  1.650398720806990E+02
  1.650265660081030E+02
  1.650132753068415E+02
  1.652684037905407E+02
  1.652548401169853E+02
  1.652412914028599E+02
  1.652277576642969E+02
  1.652142389277368E+02
  1.652007352194285E+02
  1.651872465622963E+02
  1.651737729834979E+02
  1.651603145094282E+02
  1.651468711657643E+02
  1.651334429778632E+02
  1.651200299708191E+02
  1.651066321694752E+02
  1.650932495984245E+02
  1.650798822820070E+02
  1.650665302443037E+02
  1.650531935010104E+02
  1.650398720806990E+02
  1.650265660081030E+02
  1.650132753068415E+02
SCALARS Liquid_Enthalpy float
LOOKUP_TABLE default
  1.291550411891064E+03
  1.293956538285154E+03
  1.296361270419492E+03
  1.298764572547331E+03
  1.301166408388131E+03
  1.303566785285554E+03
  1.305965651794915E+03
  1.308362962413473E+03
  1.310758677352210E+03
  1.313152757472658E+03
  1.315545163516853E+03
  1.317935855880828E+03
  1.320324794526194E+03
  1.322711938939267E+03
  1.325097248110045E+03
  1.327480789027371E+03
  1.329862462734586E+03
  1.332242212295319E+03
  1.334619989901384E+03
  1.336995749971669E+03
  1.291550411891064E+03
  1.293956538285154E+03
  1.296361270419492E+03
  1.298764572547331E+03
  1.301166408388131E+03
  1.303566785285554E+03
  1.305965651794915E+03
  1.308362962413473E+03
  1.310758677352210E+03
  1.313152757472657E+03
  1.315545163516852E+03
  1.317935855880827E+03
  1.320324794526194E+03
  1.322711938939267E+03
  1.325097248110045E+03
  1.327480789027371E+03
  1.329862462734586E+03
  1.332242212295319E+03
  1.334619989901385E+03
  1.336995749971669E+03
  1.291550411891064E+03
  1.293956538285154E+03
  1.296361270419492E+03
  1.298764572547331E+03
  1.301166408388131E+03
  1.303566785285554E+03
  1.305965651794915E+03
  1.308362962413473E+03
  1.310758677352210E+03
  1.313152757472657E+03
  1.315545163516852E+03
  1.317935855880827E+03
  1.320324794526194E+03
  1.322711938939267E+03
  1.325097248110045E+03
  1.327480789027371E+03
  1.329862462734586E+03
  1.332242212295319E+03
  1.334619989901385E+03
  1.336995749971669E+03
  1.291550411891064E+03
  1.293956538285154E+03
  1.296361270419492E+03
  1.298764572547331E+03
  1.301166408388131E+03
  1.303566785285554E+03
  1.305965651794915E+03
  1.308362962413473E+03
  1.310758677352210E+03
  1.313152757472657E+03
  1.315545163516852E+03
  1.317935855880827E+03
  1.320324794526194E+03
  1.322711938939267E+03
  1.325097248110045E+03
  1.327480789027371E+03
  1.329862462734586E+03
  1.332242212295319E+03
  1.334619989901385E+03
  1.336995749971669E+03
SCALARS Vapor_Enthalpy float
LOOKUP_TABLE default
  2.568693940284235E+03
  2.568693940284235E+03
  2.568693940284235E+03
  2.568693940284235E+03
  2.568693940284235E+03
  2.568693940284235E+03
  2.568693940284235E+03
  2.568693940284235E+03
  2.568693940284235E+03
  2.568693940284235E+03
  2.568693940284235E+03
  2.568693940284235E+03
  2.568693940284235E+03
  2.568693940284235E+03
  2.568693940284235E+03
  2.568693940284235E+03
  2.568693940284235E+03
  2.568693940284235E+03
  2.568693940284235E+03
  2.568693940284235E+03
  2.568693940284235E+03
  2.568693940284235E+03
  2.568693940284235E+03
  2.568693940284235E+03
  2.568693940284235E+03
  2.568693940284235E+03
  2.568693940284235E+03
  2.568693940284235E+03
  2.568693940284235E+03
  2.568693940284235E+03
  2.568693940284235E+03
  2.568693940284235E+03
  2.568693940284235E+03
  2.568693940284235E+03
  2.568693940284235E+03
  2.568693940284235E+03
  2.568693940284235E+03
  2.568693940284235E+03
  2.568693940284235E+03
  2.568693940284235E+03
  2.568693940284235E+03
  2.568693940284235E+03
  2.568693940284235E+03
  2.568693940284235E+03
  2.568693940284235E+03
  2.568693940284235E+03
  2.568693940284235E+03
  2.568693940284235E+03
  2.568693940284235E+03
  2.568693940284235E+03
  2.568693940284235E+03
  2.568693940284235E+03
  2.568693940284235E+03
  2.568693940284235E+03
  2.568693940284235E+03
  2.568693940284235E+03
  2.568693940284235E+03
  2.568693940284235E+03
  2.568693940284235E+03
  2.568693940284235E+03
  2.568693940284235E+03
  2.568693940284235E+03
  2.568693940284235E+03
  2.568693940284235E+03
  2.568693940284235E+03
  2.568693940284235E+03
  2.568693940284235E+03
  2.568693940284235E+03
  2.568693940284235E+03
  2.568693940284235E+03
  2.568693940284235E+03
  2.568693940284235E+03
  2.568693940284235E+03
  2.568693940284235E+03
  2.568693940284235E+03
  2.568693940284235E+03
  2.568693940284235E+03
  2.568693940284235E+03
  2.568693940284235E+03
  2.568693940284235E+03
SCALARS Liquid_Density float
LOOKUP_TABLE default
  7.459523742977220E+02
  7.450705411808517E+02
  7.441869645019804E+02
  7.433016545360383E+02
  7.424146219511719E+02
  7.415258614855570E+02
  7.406353897003183E+02
  7.397432212064311E+02
  7.388493687221612E+02
  7.379538449382919E+02
  7.370566628046292E+02
  7.361578356167712E+02
  7.352573770521710E+02
  7.343553011887495E+02
  7.334516225162146E+02
  7.325463147949544E+02
  7.316394146868198E+02
  7.307309432915150E+02
  7.298209185111136E+02
  7.289093576513587E+02
  7.459523742977220E+02
  7.450705411808517E+02
  7.441869645019804E+02
  7.433016545360383E+02
  7.424146219511719E+02
  7.415258614855570E+02
  7.406353897003183E+02
  7.397432212064308E+02
  7.388493687221612E+02
  7.379538449382924E+02
  7.370566628046297E+02
  7.361578356167715E+02
  7.352573770521708E+02
  7.343553011887495E+02
  7.334516225162146E+02
  7.325463147949544E+02
  7.316394146868198E+02
  7.307309432915147E+02
  7.298209185111136E+02
  7.289093576513587E+02
  7.459523742977220E+02
  7.450705411808517E+02
  7.441869645019804E+02
  7.433016545360383E+02
  7.424146219511719E+02
  7.415258614855570E+02
  7.406353897003183E+02
  7.397432212064308E+02
  7.388493687221612E+02
  7.379538449382924E+02
  7.370566628046297E+02
  7.361578356167715E+02
  7.352573770521708E+02
  7.343553011887495E+02
  7.334516225162146E+02
  7.325463147949544E+02
  7.316394146868198E+02
  7.307309432915147E+02
  7.298209185111136E+02
  7.289093576513587E+02
  7.459523742977220E+02
  7.450705411808517E+02
  7.441869645019804E+02
  7.433016545360383E+02
  7.424146219511719E+02
  7.415258614855570E+02
  7.406353897003183E+02
  7.397432212064308E+02
  7.388493687221612E+02
  7.379538449382924E+02
  7.370566628046297E+02
  7.361578356167715E+02
  7.352573770521708E+02
  7.343553011887495E+02
  7.334516225162146E+02
  7.325463147949544E+02
  7.316394146868198E+02
  7.307309432915147E+02
  7.298209185111136E+02
  7.289093576513587E+02
SCALARS Vapor_Density float
LOOKUP_TABLE default
  1.132113675582275E+02
  1.132025396058286E+02
  1.131937115302370E+02
  1.131848833314679E+02
  1.131760550095361E+02
  1.131672265644566E+02
  1.131583979962447E+02
  1.131495693049151E+02
  1.131407404904829E+02
  1.131319115529632E+02
  1.131230824923709E+02
  1.131142533087211E+02
  1.131054240020287E+02
  1.130965945723088E+02
  1.130877650195765E+02
  1.130789353438466E+02
  1.130701055451343E+02
  1.130612756234545E+02
  1.130524455788223E+02
  1.130436154112527E+02
  1.132113675582275E+02
  1.132025396058286E+02
  1.131937115302370E+02
  1.131848833314679E+02
  1.131760550095361E+02
  1.131672265644566E+02
  1.131583979962447E+02
  1.131495693049151E+02
  1.131407404904829E+02
  1.131319115529632E+02
  1.131230824923709E+02
  1.131142533087211E+02
  1.131054240020287E+02
  1.130965945723088E+02
  1.130877650195765E+02
  1.130789353438466E+02
  1.130701055451343E+02
  1.130612756234545E+02
  1.130524455788223E+02
  1.130436154112527E+02
  1.132113675582275E+02
  1.132025396058286E+02
  1.131937115302370E+02
  1.131848833314679E+02
  1.131760550095361E+02
  1.131672265644566E+02
  1.131583979962447E+02
  1.131495693049151E+02
  1.131407404904829E+02
  1.131319115529632E+02
  1.131230824923709E+02
  1.131142533087211E+02
  1.131054240020287E+02
  1.130965945723088E+02
  1.130877650195765E+02
  1.130789353438466E+02
  1.130701055451343E+02
  1.130612756234545E+02
  1.130524455788223E+02
  1.130436154112527E+02
  1.132113675582275E+02
  1.132025396058286E+02
  1.131937115302370E+02
  1.131848833314679E+02
  1.131760550095361E+02
  1.131672265644566E+02
  1.131583979962447E+02
  1.131495693049151E+02
  1.131407404904829E+02
  1.131319115529632E+02
  1.131230824923709E+02
  1.131142533087211E+02
  1.131054240020287E+02
  1.130965945723088E+02
  1.130877650195765E+02
  1.130789353438466E+02
  1.130701055451343E+02
  1.130612756234545E+02
  1.130524455788223E+02
  1.130436154112527E+02
SCALARS Vapor_Generation float
LOOKUP_TABLE default
  0.000000000000000E+00
  0.000000000000000E+00
  0.000000000000000E+00
  0.000000000000000E+00
  0.000000000000000E+00
  0.000000000000000E+00
  0.000000000000000E+00
  0.000000000000000E+00
  0.000000000000000E+00
  0.000000000000000E+00
  0.000000000000000E+00
  0.000000000000000E+00
  0.000000000000000E+00
  0.000000000000000E+00
  0.000000000000000E+00
  0.000000000000000E+00
  0.000000000000000E+00
  0.000000000000000E+00
  0.000000000000000E+00
  0.000000000000000E+00
  0.000000000000000E+00
  0.000000000000000E+00
  0.000000000000000E+00
  0.000000000000000E+00
  0.000000000000000E+00
  0.000000000000000E+00
  0.000000000000000E+00
  0.000000000000000E+00
  0.000000000000000E+00
  0.000000000000000E+00
  0.000000000000000E+00
  0.000000000000000E+00
  0.000000000000000E+00
  0.000000000000000E+00
  0.000000000000000E+00
  0.000000000000000E+00
  0.000000000000000E+00
  0.000000000000000E+00
  0.000000000000000E+00
  0.000000000000000E+00
  0.000000000000000E+00
  0.000000000000000E+00
  0.000000000000000E+00
  0.000000000000000E+00
  0.000000000000000E+00
  0.000000000000000E+00
  0.000000000000000E+00
  0.000000000000000E+00
  0.000000000000000E+00
  0.000000000000000E+00
  0.000000000000000E+00
  0.000000000000000E+00
  0.000000000000000E+00
  0.000000000000000E+00
  0.000000000000000E+00
  0.000000000000000E+00
  0.000000000000000E+00
  0.000000000000000E+00
  0.000000000000000E+00
  0.000000000000000E+00
  0.000000000000000E+00
  0.000000000000000E+00
  0.000000000000000E+00
  0.000000000000000E+00
  0.000000000000000E+00
  0.000000000000000E+00
  0.000000000000000E+00
  0.000000000000000E+00
  0.000000000000000E+00
  0.000000000000000E+00
  0.000000000000000E+00
  0.000000000000000E+00
  0.000000000000000E+00
  0.000000000000000E+00
  0.000000000000000E+00
  0.000000000000000E+00
  0.000000000000000E+00
  0.000000000000000E+00
  0.000000000000000E+00
  0.000000000000000E+00
SCALARS Scalar_Cell_Flow_Area float
LOOKUP_TABLE default
  2.196945393999999E-05
  2.196945393999999E-05
  2.196945393999999E-05
  2.196945393999999E-05
  2.196945393999999E-05
  2.196945393999999E-05
  2.196945393999999E-05
  2.196945393999999E-05
  2.196945393999999E-05
  2.196945393999999E-05
  2.196945393999999E-05
  2.196945393999999E-05
  2.196945393999999E-05
  2.196945393999999E-05
  2.196945393999999E-05
  2.196945393999999E-05
  2.196945393999999E-05
  2.196945393999999E-05
  2.196945393999999E-05
  2.196945393999999E-05
  2.196945393999999E-05
  2.196945393999999E-05
  2.196945393999999E-05
  2.196945393999999E-05
  2.196945393999999E-05
  2.196945393999999E-05
  2.196945393999999E-05
  2.196945393999999E-05
  2.196945393999999E-05
  2.196945393999999E-05
  2.196945393999999E-05
  2.196945393999999E-05
  2.196945393999999E-05
  2.196945393999999E-05
  2.196945393999999E-05
  2.196945393999999E-05
  2.196945393999999E-05
  2.196945393999999E-05
  2.196945393999999E-05
  2.196945393999999E-05
  2.196945393999999E-05
  2.196945393999999E-05
  2.196945393999999E-05
  2.196945393999999E-05
  2.196945393999999E-05
  2.196945393999999E-05
  2.196945393999999E-05
  2.196945393999999E-05
  2.196945393999999E-05
  2.196945393999999E-05
  2.196945393999999E-05
  2.196945393999999E-05
  2.196945393999999E-05
  2.196945393999999E-05
  2.196945393999999E-05
  2.196945393999999E-05
  2.196945393999999E-05
  2.196945393999999E-05
  2.196945393999999E-05
  2.196945393999999E-05
  2.196945393999999E-05
  2.196945393999999E-05
  2.196945393999999E-05
  2.196945393999999E-05
  2.196945393999999E-05
  2.196945393999999E-05
  2.196945393999999E-05
  2.196945393999999E-05
  2.196945393999999E-05
  2.196945393999999E-05
  2.196945393999999E-05
  2.196945393999999E-05
  2.196945393999999E-05
  2.196945393999999E-05
  2.196945393999999E-05
  2.196945393999999E-05
  2.196945393999999E-05
  2.196945393999999E-05
  2.196945393999999E-05
  2.196945393999999E-05
SCALARS Channel_Wetted_Perimeter float
LOOKUP_TABLE default
  7.461282551999999E-03
  7.461282551999999E-03
  7.461282551999999E-03
  7.461282551999999E-03
  7.461282551999999E-03
  7.461282551999999E-03
  7.461282551999999E-03
  7.461282551999999E-03
  7.461282551999999E-03
  7.461282551999999E-03
  7.461282551999999E-03
  7.461282551999999E-03
  7.461282551999999E-03
  7.461282551999999E-03
  7.461282551999999E-03
  7.461282551999999E-03
  7.461282551999999E-03
  7.461282551999999E-03
  7.461282551999999E-03
  7.461282551999999E-03
  7.461282551999999E-03
  7.461282551999999E-03
  7.461282551999999E-03
  7.461282551999999E-03
  7.461282551999999E-03
  7.461282551999999E-03
  7.461282551999999E-03
  7.461282551999999E-03
  7.461282551999999E-03
  7.461282551999999E-03
  7.461282551999999E-03
  7.461282551999999E-03
  7.461282551999999E-03
  7.461282551999999E-03
  7.461282551999999E-03
  7.461282551999999E-03
  7.461282551999999E-03
  7.461282551999999E-03
  7.461282551999999E-03
  7.461282551999999E-03
  7.461282551999999E-03
  7.461282551999999E-03
  7.461282551999999E-03
  7.461282551999999E-03
  7.461282551999999E-03
  7.461282551999999E-03
  7.461282551999999E-03
  7.461282551999999E-03
  7.461282551999999E-03
  7.461282551999999E-03
  7.461282551999999E-03
  7.461282551999999E-03
  7.461282551999999E-03
  7.461282551999999E-03
  7.461282551999999E-03
  7.461282551999999E-03
  7.461282551999999E-03
  7.461282551999999E-03
  7.461282551999999E-03
  7.461282551999999E-03
  7.461282551999999E-03
  7.461282551999999E-03
  7.461282551999999E-03
  7.461282551999999E-03
  7.461282551999999E-03
  7.461282551999999E-03
  7.461282551999999E-03
  7.461282551999999E-03
  7.461282551999999E-03
  7.461282551999999E-03
  7.461282551999999E-03
  7.461282551999999E-03
  7.461282551999999E-03
  7.461282551999999E-03
  7.461282551999999E-03
  7.461282551999999E-03
  7.461282551999999E-03
  7.461282551999999E-03
  7.461282551999999E-03
  7.461282551999999E-03
SCALARS Equilibrium_Quality float
LOOKUP_TABLE default
                    NaN
                    NaN
                    NaN
                    NaN
                    NaN
                    NaN
                    NaN
                    NaN
                    NaN
                    NaN
                    NaN
                    NaN
                    NaN
                    NaN
                    NaN
                    NaN
                    NaN
                    NaN
                    NaN
                    NaN
                    NaN
                    NaN
                    NaN
                    NaN
                    NaN
                    NaN
                    NaN
                    NaN
                    NaN
                    NaN
                    NaN
                    NaN
                    NaN
                    NaN
                    NaN
                    NaN
                    NaN
                    NaN
                    NaN
                    NaN
                    NaN
                    NaN
                    NaN
                    NaN
                    NaN
                    NaN
                    NaN
                    NaN
                    NaN
                    NaN
                    NaN
                    NaN
                    NaN
                    NaN
                    NaN
                    NaN
                    NaN
                    NaN
                    NaN
                    NaN
                    NaN
                    NaN
                    NaN
                    NaN
                    NaN
                    NaN
                    NaN
                    NaN
                    NaN
                    NaN
                    NaN
                    NaN
                    NaN
                    NaN
                    NaN
                    NaN
                    NaN
                    NaN
                    NaN
                    NaN
SCALARS Mixture_Temperature_C float
LOOKUP_TABLE default
                    NaN
                    NaN
                    NaN
                    NaN
                    NaN
                    NaN
                    NaN
                    NaN
                    NaN
                    NaN
                    NaN
                    NaN
                    NaN
                    NaN
                    NaN
                    NaN
                    NaN
                    NaN
                    NaN
                    NaN
                    NaN
                    NaN
                    NaN
                    NaN
                    NaN
                    NaN
                    NaN
                    NaN
                    NaN
                    NaN
                    NaN
                    NaN
                    NaN
                    NaN
                    NaN
                    NaN
                    NaN
                    NaN
                    NaN
                    NaN
                    NaN
                    NaN
                    NaN
                    NaN
                    NaN
                    NaN
                    NaN
                    NaN
                    NaN
                    NaN
                    NaN
                    NaN
                    NaN
                    NaN
                    NaN
                    NaN
                    NaN
                    NaN
                    NaN
                    NaN
                    NaN
                    NaN
                    NaN
                    NaN
                    NaN
                    NaN
                    NaN
                    NaN
                    NaN
                    NaN
                    NaN
                    NaN
                    NaN
                    NaN
                    NaN
                    NaN
                    NaN
                    NaN
                    NaN
                    NaN
SCALARS Mixture_Mass_Flux_kg/s/m**2 float
LOOKUP_TABLE default
                    NaN
                    NaN
                    NaN
                    NaN
                    NaN
                    NaN
                    NaN
                    NaN
                    NaN
                    NaN
                    NaN
                    NaN
                    NaN
                    NaN
                    NaN
                    NaN
                    NaN
                    NaN
                    NaN
                    NaN
                    NaN
                    NaN
                    NaN
                    NaN
                    NaN
                    NaN
                    NaN
                    NaN
                    NaN
                    NaN
                    NaN
                    NaN
                    NaN
                    NaN
                    NaN
                    NaN
                    NaN
                    NaN
                    NaN
                    NaN
                    NaN
                    NaN
                    NaN
                    NaN
                    NaN
                    NaN
                    NaN
                    NaN
                    NaN
                    NaN
                    NaN
                    NaN
                    NaN
                    NaN
                    NaN
                    NaN
                    NaN
                    NaN
                    NaN
                    NaN
                    NaN
                    NaN
                    NaN
                    NaN
                    NaN
                    NaN
                    NaN
                    NaN
                    NaN
                    NaN
                    NaN
                    NaN
                    NaN
                    NaN
                    NaN
                    NaN
                    NaN
                    NaN
                    NaN
                    NaN
VECTORS Liquid_velocity float
  0.000000000000000E+00  0.000000000000000E+00  4.576479225659752E+00
  0.000000000000000E+00  0.000000000000000E+00  4.581895275152016E+00
  0.000000000000000E+00  0.000000000000000E+00  4.587337527980645E+00
  0.000000000000000E+00  0.000000000000000E+00  4.592804449188353E+00
  0.000000000000000E+00  0.000000000000000E+00  4.598296166451120E+00
  0.000000000000000E+00  0.000000000000000E+00  4.603812823925661E+00
  0.000000000000000E+00  0.000000000000000E+00  4.609354527262660E+00
  0.000000000000000E+00  0.000000000000000E+00  4.614921358760181E+00
  0.000000000000000E+00  0.000000000000000E+00  4.620513411269659E+00
  0.000000000000000E+00  0.000000000000000E+00  4.626130781869560E+00
  0.000000000000000E+00  0.000000000000000E+00  4.631773567910104E+00
  0.000000000000000E+00  0.000000000000000E+00  4.637441866226284E+00
  0.000000000000000E+00  0.000000000000000E+00  4.643135772849241E+00
  0.000000000000000E+00  0.000000000000000E+00  4.648855382862886E+00
  0.000000000000000E+00  0.000000000000000E+00  4.654600855680681E+00
  0.000000000000000E+00  0.000000000000000E+00  4.660372381158507E+00
  0.000000000000000E+00  0.000000000000000E+00  4.666170040094006E+00
  0.000000000000000E+00  0.000000000000000E+00  4.671993869157837E+00
  0.000000000000000E+00  0.000000000000000E+00  4.677843942432089E+00
  0.000000000000000E+00  0.000000000000000E+00  4.682252636627347E+00
  0.000000000000000E+00  0.000000000000000E+00  4.576479225659752E+00
  0.000000000000000E+00  0.000000000000000E+00  4.581895275152014E+00
  0.000000000000000E+00  0.000000000000000E+00  4.587337527980639E+00
  0.000000000000000E+00  0.000000000000000E+00  4.592804449188347E+00
  0.000000000000000E+00  0.000000000000000E+00  4.598296166451111E+00
  0.000000000000000E+00  0.000000000000000E+00  4.603812823925648E+00
  0.000000000000000E+00  0.000000000000000E+00  4.609354527262646E+00
  0.000000000000000E+00  0.000000000000000E+00  4.614921358760166E+00
  0.000000000000000E+00  0.000000000000000E+00  4.620513411269642E+00
  0.000000000000000E+00  0.000000000000000E+00  4.626130781869545E+00
  0.000000000000000E+00  0.000000000000000E+00  4.631773567910073E+00
  0.000000000000000E+00  0.000000000000000E+00  4.637441866226236E+00
  0.000000000000000E+00  0.000000000000000E+00  4.643135772849193E+00
  0.000000000000000E+00  0.000000000000000E+00  4.648855382862839E+00
  0.000000000000000E+00  0.000000000000000E+00  4.654600855680609E+00
  0.000000000000000E+00  0.000000000000000E+00  4.660372381158406E+00
  0.000000000000000E+00  0.000000000000000E+00  4.666170040093890E+00
  0.000000000000000E+00  0.000000000000000E+00  4.671993869157705E+00
  0.000000000000000E+00  0.000000000000000E+00  4.677843942431904E+00
  0.000000000000000E+00  0.000000000000000E+00  4.682252636627063E+00
  0.000000000000000E+00  0.000000000000000E+00  4.576479225659752E+00
  0.000000000000000E+00  0.000000000000000E+00  4.581895275152014E+00
  0.000000000000000E+00  0.000000000000000E+00  4.587337527980639E+00
  0.000000000000000E+00  0.000000000000000E+00  4.592804449188347E+00
  0.000000000000000E+00  0.000000000000000E+00  4.598296166451111E+00
  0.000000000000000E+00  0.000000000000000E+00  4.603812823925648E+00
  0.000000000000000E+00  0.000000000000000E+00  4.609354527262646E+00
  0.000000000000000E+00  0.000000000000000E+00  4.614921358760166E+00
  0.000000000000000E+00  0.000000000000000E+00  4.620513411269642E+00
  0.000000000000000E+00  0.000000000000000E+00  4.626130781869545E+00
  0.000000000000000E+00  0.000000000000000E+00  4.631773567910073E+00
  0.000000000000000E+00  0.000000000000000E+00  4.637441866226236E+00
  0.000000000000000E+00  0.000000000000000E+00  4.643135772849193E+00
  0.000000000000000E+00  0.000000000000000E+00  4.648855382862839E+00
  0.000000000000000E+00  0.000000000000000E+00  4.654600855680609E+00
  0.000000000000000E+00  0.000000000000000E+00  4.660372381158406E+00
  0.000000000000000E+00  0.000000000000000E+00  4.666170040093890E+00
  0.000000000000000E+00  0.000000000000000E+00  4.671993869157705E+00
  0.000000000000000E+00  0.000000000000000E+00  4.677843942431904E+00
  0.000000000000000E+00  0.000000000000000E+00  4.682252636627063E+00
  0.000000000000000E+00  0.000000000000000E+00  4.576479225659752E+00
  0.000000000000000E+00  0.000000000000000E+00  4.581895275152014E+00
  0.000000000000000E+00  0.000000000000000E+00  4.587337527980639E+00
  0.000000000000000E+00  0.000000000000000E+00  4.592804449188347E+00
  0.000000000000000E+00  0.000000000000000E+00  4.598296166451111E+00
  0.000000000000000E+00  0.000000000000000E+00  4.603812823925648E+00
  0.000000000000000E+00  0.000000000000000E+00  4.609354527262646E+00
  0.000000000000000E+00  0.000000000000000E+00  4.614921358760166E+00
  0.000000000000000E+00  0.000000000000000E+00  4.620513411269642E+00
  0.000000000000000E+00  0.000000000000000E+00  4.626130781869545E+00
  0.000000000000000E+00  0.000000000000000E+00  4.631773567910073E+00
  0.000000000000000E+00  0.000000000000000E+00  4.637441866226236E+00
  0.000000000000000E+00  0.000000000000000E+00  4.643135772849193E+00
  0.000000000000000E+00  0.000000000000000E+00  4.648855382862839E+00
  0.000000000000000E+00  0.000000000000000E+00  4.654600855680609E+00
  0.000000000000000E+00  0.000000000000000E+00  4.660372381158406E+00
  0.000000000000000E+00  0.000000000000000E+00  4.666170040093890E+00
  0.000000000000000E+00  0.000000000000000E+00  4.671993869157705E+00
  0.000000000000000E+00  0.000000000000000E+00  4.677843942431904E+00
  0.000000000000000E+00  0.000000000000000E+00  4.682252636627063E+00
VECTORS Vapor_velocity float
  0.000000000000000E+00  0.000000000000000E+00                    NaN
  0.000000000000000E+00  0.000000000000000E+00                    NaN
  0.000000000000000E+00  0.000000000000000E+00                    NaN
  0.000000000000000E+00  0.000000000000000E+00                    NaN
  0.000000000000000E+00  0.000000000000000E+00                    NaN
  0.000000000000000E+00  0.000000000000000E+00                    NaN
  0.000000000000000E+00  0.000000000000000E+00                    NaN
  0.000000000000000E+00  0.000000000000000E+00                    NaN
  0.000000000000000E+00  0.000000000000000E+00                    NaN
  0.000000000000000E+00  0.000000000000000E+00                    NaN
  0.000000000000000E+00  0.000000000000000E+00                    NaN
  0.000000000000000E+00  0.000000000000000E+00                    NaN
  0.000000000000000E+00  0.000000000000000E+00                    NaN
  0.000000000000000E+00  0.000000000000000E+00                    NaN
  0.000000000000000E+00  0.000000000000000E+00                    NaN
  0.000000000000000E+00  0.000000000000000E+00                    NaN
  0.000000000000000E+00  0.000000000000000E+00                    NaN
  0.000000000000000E+00  0.000000000000000E+00                    NaN
  0.000000000000000E+00  0.000000000000000E+00                    NaN
  0.000000000000000E+00  0.000000000000000E+00                    NaN
  0.000000000000000E+00  0.000000000000000E+00                    NaN
  0.000000000000000E+00  0.000000000000000E+00                    NaN
  0.000000000000000E+00  0.000000000000000E+00                    NaN
  0.000000000000000E+00  0.000000000000000E+00                    NaN
  0.000000000000000E+00  0.000000000000000E+00                    NaN
  0.000000000000000E+00  0.000000000000000E+00                    NaN
  0.000000000000000E+00  0.000000000000000E+00                    NaN
  0.000000000000000E+00  0.000000000000000E+00                    NaN
  0.000000000000000E+00  0.000000000000000E+00                    NaN
  0.000000000000000E+00  0.000000000000000E+00                    NaN
  0.000000000000000E+00  0.000000000000000E+00                    NaN
  0.000000000000000E+00  0.000000000000000E+00                    NaN
  0.000000000000000E+00  0.000000000000000E+00                    NaN
  0.000000000000000E+00  0.000000000000000E+00                    NaN
  0.000000000000000E+00  0.000000000000000E+00                    NaN
  0.000000000000000E+00  0.000000000000000E+00                    NaN
  0.000000000000000E+00  0.000000000000000E+00                    NaN
  0.000000000000000E+00  0.000000000000000E+00                    NaN
  0.000000000000000E+00  0.000000000000000E+00                    NaN
  0.000000000000000E+00  0.000000000000000E+00                    NaN
  0.000000000000000E+00  0.000000000000000E+00                    NaN
  0.000000000000000E+00  0.000000000000000E+00                    NaN
  0.000000000000000E+00  0.000000000000000E+00                    NaN
  0.000000000000000E+00  0.000000000000000E+00                    NaN
  0.000000000000000E+00  0.000000000000000E+00                    NaN
  0.000000000000000E+00  0.000000000000000E+00                    NaN
  0.000000000000000E+00  0.000000000000000E+00                    NaN
  0.000000000000000E+00  0.000000000000000E+00                    NaN
  0.000000000000000E+00  0.000000000000000E+00                    NaN
  0.000000000000000E+00  0.000000000000000E+00                    NaN
  0.000000000000000E+00  0.000000000000000E+00                    NaN
  0.000000000000000E+00  0.000000000000000E+00                    NaN
  0.000000000000000E+00  0.000000000000000E+00                    NaN
  0.000000000000000E+00  0.000000000000000E+00                    NaN
  0.000000000000000E+00  0.000000000000000E+00                    NaN
  0.000000000000000E+00  0.000000000000000E+00                    NaN
  0.000000000000000E+00  0.000000000000000E+00                    NaN
  0.000000000000000E+00  0.000000000000000E+00                    NaN
  0.000000000000000E+00  0.000000000000000E+00                    NaN
  0.000000000000000E+00  0.000000000000000E+00                    NaN
  0.000000000000000E+00  0.000000000000000E+00                    NaN
  0.000000000000000E+00  0.000000000000000E+00                    NaN
  0.000000000000000E+00  0.000000000000000E+00                    NaN
  0.000000000000000E+00  0.000000000000000E+00                    NaN
  0.000000000000000E+00  0.000000000000000E+00                    NaN
  0.000000000000000E+00  0.000000000000000E+00                    NaN
  0.000000000000000E+00  0.000000000000000E+00                    NaN
  0.000000000000000E+00  0.000000000000000E+00                    NaN
  0.000000000000000E+00  0.000000000000000E+00                    NaN
  0.000000000000000E+00  0.000000000000000E+00                    NaN
  0.000000000000000E+00  0.000000000000000E+00                    NaN
  0.000000000000000E+00  0.000000000000000E+00                    NaN
  0.000000000000000E+00  0.000000000000000E+00                    NaN
  0.000000000000000E+00  0.000000000000000E+00                    NaN
  0.000000000000000E+00  0.000000000000000E+00                    NaN
  0.000000000000000E+00  0.000000000000000E+00                    NaN
  0.000000000000000E+00  0.000000000000000E+00                    NaN
  0.000000000000000E+00  0.000000000000000E+00                    NaN
  0.000000000000000E+00  0.000000000000000E+00                    NaN
  0.000000000000000E+00  0.000000000000000E+00                    NaN
VECTORS Droplet_velocity float
  0.000000000000000E+00  0.000000000000000E+00                    NaN
  0.000000000000000E+00  0.000000000000000E+00                    NaN
  0.000000000000000E+00  0.000000000000000E+00                    NaN
  0.000000000000000E+00  0.000000000000000E+00                    NaN
  0.000000000000000E+00  0.000000000000000E+00                    NaN
  0.000000000000000E+00  0.000000000000000E+00                    NaN
  0.000000000000000E+00  0.000000000000000E+00                    NaN
  0.000000000000000E+00  0.000000000000000E+00                    NaN
  0.000000000000000E+00  0.000000000000000E+00                    NaN
  0.000000000000000E+00  0.000000000000000E+00                    NaN
  0.000000000000000E+00  0.000000000000000E+00                    NaN
  0.000000000000000E+00  0.000000000000000E+00                    NaN
  0.000000000000000E+00  0.000000000000000E+00                    NaN
  0.000000000000000E+00  0.000000000000000E+00                    NaN
  0.000000000000000E+00  0.000000000000000E+00                    NaN
  0.000000000000000E+00  0.000000000000000E+00                    NaN
  0.000000000000000E+00  0.000000000000000E+00                    NaN
  0.000000000000000E+00  0.000000000000000E+00                    NaN
  0.000000000000000E+00  0.000000000000000E+00                    NaN
  0.000000000000000E+00  0.000000000000000E+00                    NaN
  0.000000000000000E+00  0.000000000000000E+00                    NaN
  0.000000000000000E+00  0.000000000000000E+00                    NaN
  0.000000000000000E+00  0.000000000000000E+00                    NaN
  0.000000000000000E+00  0.000000000000000E+00                    NaN
  0.000000000000000E+00  0.000000000000000E+00                    NaN
  0.000000000000000E+00  0.000000000000000E+00                    NaN
  0.000000000000000E+00  0.000000000000000E+00                    NaN
  0.000000000000000E+00  0.000000000000000E+00                    NaN
  0.000000000000000E+00  0.000000000000000E+00                    NaN
  0.000000000000000E+00  0.000000000000000E+00                    NaN
  0.000000000000000E+00  0.000000000000000E+00                    NaN
  0.000000000000000E+00  0.000000000000000E+00                    NaN
  0.000000000000000E+00  0.000000000000000E+00                    NaN
  0.000000000000000E+00  0.000000000000000E+00                    NaN
  0.000000000000000E+00  0.000000000000000E+00                    NaN
  0.000000000000000E+00  0.000000000000000E+00                    NaN
  0.000000000000000E+00  0.000000000000000E+00                    NaN
  0.000000000000000E+00  0.000000000000000E+00                    NaN
  0.000000000000000E+00  0.000000000000000E+00                    NaN
  0.000000000000000E+00  0.000000000000000E+00                    NaN
  0.000000000000000E+00  0.000000000000000E+00                    NaN
  0.000000000000000E+00  0.000000000000000E+00                    NaN
  0.000000000000000E+00  0.000000000000000E+00                    NaN
  0.000000000000000E+00  0.000000000000000E+00                    NaN
  0.000000000000000E+00  0.000000000000000E+00                    NaN
  0.000000000000000E+00  0.000000000000000E+00                    NaN
  0.000000000000000E+00  0.000000000000000E+00                    NaN
  0.000000000000000E+00  0.000000000000000E+00                    NaN
  0.000000000000000E+00  0.000000000000000E+00                    NaN
  0.000000000000000E+00  0.000000000000000E+00                    NaN
  0.000000000000000E+00  0.000000000000000E+00                    NaN
  0.000000000000000E+00  0.000000000000000E+00                    NaN
  0.000000000000000E+00  0.000000000000000E+00                    NaN
  0.000000000000000E+00  0.000000000000000E+00                    NaN
  0.000000000000000E+00  0.000000000000000E+00                    NaN
  0.000000000000000E+00  0.000000000000000E+00                    NaN
  0.000000000000000E+00  0.000000000000000E+00                    NaN
  0.000000000000000E+00  0.000000000000000E+00                    NaN
  0.000000000000000E+00  0.000000000000000E+00                    NaN
  0.000000000000000E+00  0.000000000000000E+00                    NaN
  0.000000000000000E+00  0.000000000000000E+00                    NaN
  0.000000000000000E+00  0.000000000000000E+00                    NaN
  0.000000000000000E+00  0.000000000000000E+00                    NaN
  0.000000000000000E+00  0.000000000000000E+00                    NaN
  0.000000000000000E+00  0.000000000000000E+00                    NaN
  0.000000000000000E+00  0.000000000000000E+00                    NaN
  0.000000000000000E+00  0.000000000000000E+00                    NaN
  0.000000000000000E+00  0.000000000000000E+00                    NaN
  0.000000000000000E+00  0.000000000000000E+00                    NaN
  0.000000000000000E+00  0.000000000000000E+00                    NaN
  0.000000000000000E+00  0.000000000000000E+00                    NaN
  0.000000000000000E+00  0.000000000000000E+00                    NaN
  0.000000000000000E+00  0.000000000000000E+00                    NaN
  0.000000000000000E+00  0.000000000000000E+00                    NaN
  0.000000000000000E+00  0.000000000000000E+00                    NaN
  0.000000000000000E+00  0.000000000000000E+00                    NaN
  0.000000000000000E+00  0.000000000000000E+00                    NaN
  0.000000000000000E+00  0.000000000000000E+00                    NaN
  0.000000000000000E+00  0.000000000000000E+00                    NaN
  0.000000000000000E+00  0.000000000000000E+00                    NaN
