 pressure     0.0000000000000000     
   587.47781328027202     
   559.50085268745488     
   531.52581005308230     
   503.55076741870943     
   475.57572478433678     
   447.60068214996397     
   419.62563951559122     
   391.65059688121841     
   363.67555424684571     
   335.70051161247295     
   307.72546897810020     
   279.75042634372738     
   251.77538370935466     
   223.80034107498190     
   195.82529844060917     
   167.85025580623642     
   139.87521317186363     
   111.90017053749088     
   83.925127903118124     
   55.950085268745362     
   27.975042634372596     
   0.0000000000000000     
 
 flow_rate    0.0000000000000000     
  0.16534649999999998     
  0.16534649999999998     
  0.16534649999999998     
  0.16534649999999998     
  0.16534649999999998     
  0.16534649999999998     
  0.16534649999999998     
  0.16534649999999998     
  0.16534649999999998     
  0.16534649999999998     
  0.16534649999999998     
  0.16534649999999998     
  0.16534649999999998     
  0.16534649999999998     
  0.16534649999999998     
  0.16534649999999998     
  0.16534649999999998     
  0.16534649999999998     
  0.16534649999999998     
  0.16534649999999998     
  0.16534649999999998     
  0.16534649999999998     
 
 enthalpy     0.0000000000000000     
   554.23225806451615     
   554.23225806451615     
   554.23225806451615     
   554.23225806451615     
   554.23225806451615     
   554.23225806451615     
   554.23225806451615     
   554.23225806451615     
   554.23225806451615     
   554.23225806451615     
   554.23225806451615     
   554.23225806451615     
   554.23225806451615     
   554.23225806451615     
   554.23225806451615     
   554.23225806451615     
   554.23225806451615     
   554.23225806451615     
   554.23225806451615     
   554.23225806451615     
   554.23225806451615     
   554.23225806451615     
 
 density      0.0000000000000000     
   46.623168882945059     
   46.623018508319561     
   46.622868139326606     
   46.622717775966102     
   46.622567418238042     
   46.622417066142319     
   46.622266719679004     
   46.622116378847899     
   46.621966043649010     
   46.621815714082317     
   46.621665390147776     
   46.621515071845252     
   46.621364759174774     
   46.621214452136243     
   46.621064150729580     
   46.620913854954892     
   46.620763564811924     
   46.620613280300780     
   46.620463001421257     
   46.620312728173495     
   46.620162460557310     
   46.620162460557310     
 
 velocity     0.0000000000000000     
   14.996982368572505     
   14.997030738791324     
   14.997079107510356     
   14.997127474729599     
   14.997175840449021     
   14.997224204668626     
   14.997272567388359     
   14.997320928608255     
   14.997369288328272     
   14.997417646548392     
   14.997466003268595     
   14.997514358488887     
   14.997562712209236     
   14.997611064429634     
   14.997659415150078     
   14.997707764370501     
   14.997756112090954     
   14.997804458311368     
   14.997852803031783     
   14.997901146252113     
   14.997949487972393     
   14.997949487972393     
 
 energy       0.0000000000000000     
   544.71127093703660     
   544.71201181934180     
   544.71275270757621     
   544.71349360173974     
   544.71423450183204     
   544.71497540785288     
   544.71571631980214     
   544.71645723767949     
   544.71719816148482     
   544.71793909121777     
   544.71868002687825     
   544.71942096846601     
   544.72016191598084     
   544.72090286942239     
   544.72164382879055     
   544.72238479408509     
   544.72312576530578     
   544.72386674245251     
   544.72460772552483     
   544.72534871452262     
   544.72608970944566     
   544.72686134734658     
 
 pressure     1.0100000000000007     
   589.02334893731950     
   561.04638334032359     
   532.95456712530427     
   504.87017647402246     
   476.79238807642207     
   448.72072561768300     
   420.65470558338723     
   392.59383724985742     
   364.53762282151433     
   336.48555779141901     
   308.43713164369586     
   280.39182904211299     
   252.34913166369691     
   224.30852084569167     
   196.26948115375944     
   168.23150492876684     
   140.19409773496542     
   112.15678449599666     
   84.119115958433483     
   56.080674986536081     
   28.041082142321557     
   0.0000000000000000     
 
 flow_rate    1.0100000000000007     
  0.16534649999999998     
  0.16534798148870353     
  0.16535146906829495     
  0.16535700539255901     
  0.16536463430541246     
  0.16537440059510125     
  0.16538634970207064     
  0.16540052716044523     
  0.16541697765091123     
  0.16543574352520521     
  0.16545686266289533     
  0.16548036555909365     
  0.16550627161894946     
  0.16553458477226987     
  0.16556528869425885     
  0.16559834211306970     
  0.16563367484989552     
  0.16567118531883901     
  0.16571074016108911     
  0.16575217647613930     
  0.16579530676095477     
  0.16579530676095477     
 
 enthalpy     1.0100000000000007     
   554.23225806451615     
   554.55199736532165     
   554.85624029111818     
   555.14578549335386     
   555.42045652229012     
   555.68007566296512     
   555.92446648436453     
   556.15345817035779     
   556.36689234028461     
   556.56463312041888     
   556.74658114522526     
   556.91269187742205     
   557.06299808298661     
   557.19763547451703     
   557.31686951872200     
   557.42112036815979     
   557.51098209121972     
   557.58723214131453     
   557.65082757192454     
   557.70288594905344     
   557.74465106271862     
   557.74465106271862     
 
 density      1.0100000000000007     
   46.623177222331002     
   46.606116416107618     
   46.589861892788548     
   46.574373825391731     
   46.559663243227412     
   46.545741187250414     
   46.532618569273367     
   46.520305937898002     
   46.508813111389458     
   46.498148636741263     
   46.488319038561521     
   46.479327836910002     
   46.471174342825485     
   46.463852284365899     
   46.457348370543642     
   46.451640956068545     
   46.446699011962714     
   46.442481619581528     
   46.438938175191680     
   46.436009414725739     
   46.433629253022936     
   46.433629253022936     
 
 velocity     1.0100000000000007     
   14.996979686095001     
   15.002603956264410     
   15.008154696742498     
   15.013648253584970     
   15.019084722701979     
   15.024464282704356     
   15.029787214058151     
   15.035053924276408     
   15.040264980971481     
   15.045421153340481     
   15.050523461309592     
   15.055573230016416     
   15.060572144744819     
   15.065522299625757     
   15.070426231379013     
   15.075286928980699     
   15.080107811352452     
   15.084892668389847     
   15.089645565570073     
   15.094370718173851     
   15.099072346550789     
   15.099072346550789     
 
 energy       1.0100000000000007     
   544.71122670661714     
   545.02565354418834     
   545.32469596686747     
   545.60914261887183     
   545.87881802841616     
   546.13354562559789     
   546.37315051846235     
   546.59746415657276     
   546.80633162526033     
   546.99962234334907     
   547.17724482589381     
   547.33916583850441     
   547.48543365937837     
   547.61620428336414     
   547.73176834309311     
   547.83257548593758     
   547.91925222049383     
   547.99260914334445     
   548.05363420626645     
   548.10347032588675     
   548.14337794062772     
   548.14415449023772     
 
 pressure     2.0100000000000011     
   588.77023060739532     
   560.79326583467957     
   532.63138341840204     
   504.48477841235228     
   476.35277753857275     
   448.23504692194933     
   420.13124792588104     
   392.04103715253416     
   363.96406645795724     
   335.89998296728737     
   307.84842908973718     
   279.80904253444209     
   251.78145632893060     
   223.76529883469240     
   195.76010665182645     
   167.76554080380092     
   139.78123721909617     
   111.80681250893117     
   83.841875572051308     
   55.886029686687657     
   27.938873231070552     
   0.0000000000000000     
 
 flow_rate    2.0100000000000011     
  0.16534649999999998     
  0.16534748217913003     
  0.16534979223513874     
  0.16535345475647675     
  0.16535849439795153     
  0.16536493598252699     
  0.16537280450541769     
  0.16538212513856718     
  0.16539292323565793     
  0.16540522433739607     
  0.16541905417678257     
  0.16543443868403229     
  0.16545140399149363     
  0.16546998471027660     
  0.16549020583400820     
  0.16551209006030856     
  0.16553566290395036     
  0.16556095217038339     
  0.16558798616256512     
  0.16561679260883233     
  0.16564739882179724     
  0.16564739882179724     
 
 enthalpy     2.0100000000000011     
   554.23225806451615     
   554.76497049339162     
   555.28587596094542     
   555.79582174254813     
   556.29470417986374     
   556.78241999174077     
   557.25886626287593     
   557.72394043117845     
   558.17754027607430     
   558.61956390890873     
   559.04990976669308     
   559.46847661160575     
   559.87516354001639     
   560.27003625333612     
   560.65290832137998     
   561.02366036434694     
   561.38218950143528     
   561.72838871358431     
   562.06215252352683     
   562.38338133468528     
   562.69198016148709     
   562.69198016148709     
 
 density      2.0100000000000011     
   46.623175848681072     
   46.594843944552316     
   46.567099377715472     
   46.539900617154728     
   46.513255321081658     
   46.487171115721317     
   46.461655592151381     
   46.436716305058901     
   46.412360771443431     
   46.388596469203080     
   46.365430835537566     
   46.342871265036912     
   46.320925107253913     
   46.299590741840035     
   46.278880026461302     
   46.258801200193403     
   46.239361583742763     
   46.220568684984087     
   46.202429891826903     
   46.184952235797120     
   46.168142457360752     
   46.168142457360752     
 
 velocity     2.0100000000000011     
   14.996980127948216     
   15.006188150638915     
   15.015338576901948     
   15.024446598881113     
   15.033511587835161     
   15.042532936299837     
   15.051510059720680     
   15.060442397505453     
   15.069329414144301     
   15.078170600394735     
   15.086965474526512     
   15.095713583638172     
   15.104414505143477     
   15.113071516202863     
   15.121682622046841     
   15.130246792814461     
   15.138763552867466     
   15.147232572514453     
   15.155653604894464     
   15.164026465825591     
   15.172351027439001     
   15.172351027439001     
 
 energy       2.0100000000000011     
   544.71123153390897     
   545.23720740227282     
   545.75146227461278     
   546.25483525589698     
   546.74722438199444     
   547.22852803973240     
   547.69864496267485     
   548.15747421691924     
   548.60491518827939     
   549.04086757158780     
   549.46523136344501     
   549.87790686107701     
   550.27879467128889     
   550.66794578086979     
   551.04519808223608     
   551.41043081415989     
   551.76353902826725     
   552.10441475564369     
   552.43295427840224     
   552.74906060140040     
   553.05264067291148     
   553.05341884354380     
 
 pressure     3.0099999999999798     
   588.66631263079455     
   560.68934819651690     
   532.47893931053818     
   504.28885908253051     
   476.11856103500935     
   447.96780548113429     
   419.83634854172772     
   391.72394214219582     
   363.63033402403147     
   335.55526775691482     
   307.49845095801851     
   279.45957958607482     
   251.43843487250766     
   223.43474915392235     
   195.44824871678611     
   167.47865504056702     
   139.52568518356281     
   111.58905197438283     
   83.668464131810481     
   55.763626353564632     
   27.874239372101798     
   0.0000000000000000     
 
 flow_rate    3.0099999999999798     
  0.16534649999999998     
  0.16534719402553988     
  0.16534882782048982     
  0.16535142036918124     
  0.16535499055633432     
  0.16535955735384925     
  0.16536513981651446     
  0.16537175707766605     
  0.16537942834515171     
  0.16538817644706225     
  0.16539801581359648     
  0.16540896671055752     
  0.16542104986515185     
  0.16543428494958431     
  0.16544869162401996     
  0.16546428958256088     
  0.16548109851074311     
  0.16549913805716768     
  0.16551842783503498     
  0.16553898745855625     
  0.16556083659814749     
  0.16556083659814749     
 
 enthalpy     3.0099999999999798     
   554.23225806451615     
   554.91168546972096     
   555.58178137903303     
   556.24332139829585     
   556.89621571380212     
   557.54037511393278     
   558.17571101374403     
   558.80213547826315     
   559.41956124531180     
   560.02790983866385     
   560.62727532871099     
   561.21746032731403     
   561.79836526703855     
   562.36990167321028     
   562.93198385681978     
   563.48452786747225     
   564.02745136156932     
   564.56067354846903     
   565.08411503648006     
   565.59769755310958     
   566.10134359131757     
   566.10134359131757     
 
 density      3.0099999999999798     
   46.623175284679256     
   46.587075405324420     
   46.551408425640105     
   46.516136842254525     
   46.481267551382572     
   46.446807429585590     
   46.412763329322772     
   46.379142076227318     
   46.345950466388871     
   46.313194829729795     
   46.280872229429704     
   46.248995351420731     
   46.217571649526853     
   46.186607983213719     
   46.156111060949911     
   46.126087494494342     
   46.096543804098722     
   46.067486419553482     
   46.038921686712740     
   46.010855880938031     
   45.983295224699418     
   45.983295224699418     
 
 velocity     3.0099999999999798     
   14.996980309367093     
   15.008664323152288     
   15.020312147198680     
   15.031937218310299     
   15.043538674159217     
   15.055115658451117     
   15.066667322136087     
   15.078192824067695     
   15.089691331696026     
   15.101162487370933     
   15.112608186332919     
   15.124025758224683     
   15.135414269984944     
   15.146772878669543     
   15.158100782568773     
   15.169397208017926     
   15.180661404119963     
   15.191892640105634     
   15.203090203617139     
   15.214253399891515     
   15.225381551270354     
   15.225381551270354     
 
 energy       3.0099999999999798     
   544.71123296955795     
   545.38284304624619     
   546.04517853074947     
   546.69900806693124     
   547.34424351172913     
   547.98079731977600     
   548.60858257446239     
   549.22751301026062     
   549.83750303456122     
   550.43846958553354     
   551.03052318017990     
   551.61345366134958     
   552.18716785332754     
   552.75157937698316     
   553.30660419886772     
   553.85216005900088     
   554.38816633729459     
   554.91454397537802     
   555.43121527925962     
   555.93810359801046     
   556.43513295564571     
   556.43591244954837     
 
 pressure     4.0099999999999589     
   588.61129165007526     
   560.63432739360951     
   532.38932714585201     
   504.16810035477084     
   475.97021556721080     
   447.79550591212256     
   419.64380081437969     
   391.51492597674962     
   363.40870337363390     
   335.32491137305328     
   307.26337947627314     
   279.22392635551614     
   251.20636285848317     
   223.21049499498838     
   195.23612456414187     
   167.28304940250794     
   139.35106350677967     
   111.43995709868290     
   83.549516655084261     
   55.679524924520521     
   27.829760932873256     
   0.0000000000000000     
 
 flow_rate    4.0099999999999589     
  0.16534649999999998     
  0.16534699650582574     
  0.16534816673033947     
  0.16535002593730369     
  0.16535258928219426     
  0.16535587202718080     
  0.16535988953741126     
  0.16536465727703514     
  0.16537019128834399     
  0.16537650720081454     
  0.16538362066586335     
  0.16539154749445245     
  0.16540030357307933     
  0.16540990482123064     
  0.16542036716446129     
  0.16543170653567565     
  0.16544393890661888     
  0.16545708033514053     
  0.16547114700191509     
  0.16548615521979684     
  0.16550212141311851     
  0.16550212141311851     
 
 enthalpy     4.0099999999999589     
   554.23225806451615     
   555.01611479819951     
   555.79260529384317     
   556.56240162316021     
   557.32542225205532     
   558.08158595395969     
   558.83081183596266     
   559.57301936495207     
   560.30823767045331     
   561.03635360372937     
   561.75727288623204     
   562.47091134210189     
   563.17718796961606     
   563.87602367176828     
   564.56734082604123     
   565.25106299213542     
   565.92711458695555     
   566.59542055923430     
   567.25590616413763     
   567.90849691832852     
   568.55311869879972     
   568.55311869879972     
 
 density      4.0099999999999589     
   46.623174988358500     
   46.581544282521293     
   46.540222226290069     
   46.499176718864774     
   46.458413957000474     
   46.417940147263472     
   46.377761502229454     
   46.337884238099164     
   46.298308707725006     
   46.259042891765240     
   46.220093788080263     
   46.181467874338040     
   46.143171476750787     
   46.105210836404801     
   46.067592130792434     
   46.030321488093662     
   45.993405003402586     
   45.956848755152208     
   45.920658816251766     
   45.884841255469823     
   45.849402130957351     
   45.849402130957351     
 
 velocity     4.0099999999999589     
   14.996980404682706     
   15.010428530583566     
   15.023862294185053     
   15.037293158825440     
   15.050720248948583     
   15.064142685415177     
   15.077559586429825     
   15.090970067996768     
   15.104375201776232     
   15.117773532352892     
   15.131163914111880     
   15.144545374965487     
   15.157916989091291     
   15.171277851695445     
   15.184627069734429     
   15.197963757538849     
   15.211287034526537     
   15.224596024263418     
   15.237889854276677     
   15.251167656569526     
   15.264428567982463     
   15.264428567982463     
 
 energy       4.0099999999999589     
   544.71123347219282     
   545.48648949294613     
   546.25441127399915     
   547.01566500365391     
   547.77017060002061     
   548.51784829435701     
   549.25861866375794     
   549.99240265671210     
   550.71922884498099     
   551.43898710274698     
   552.15158454616460     
   552.85693853359453     
   553.55496963591884     
   554.24560036722460     
   554.92875473527079     
   555.60435791145233     
   556.27233587024898     
   556.93261505436863     
   557.58512217309897     
   558.22978419888273     
   558.86652850091696     
   558.86730902687532     
 
 pressure     5.0099999999999376     
   588.58051585848193     
   560.60355170185744     
   532.33375928729754     
   504.09011931506490     
   475.87230137774986     
   447.68019568057667     
   419.51368926348778     
   391.37266597403175     
   363.25698451625829     
   335.16651728173736     
   307.10114919714977     
   279.06075506964390     
   251.04520514316332     
   223.05436588050230     
   195.08810021248934     
   167.14626762781819     
   139.22872420684632     
   111.33532263767708     
   83.465912229715315     
   55.620338925303415     
   27.798445309067393     
   0.0000000000000000     
 
 flow_rate    5.0099999999999376     
  0.16534649999999998     
  0.16534685602195456     
  0.16534769617457490     
  0.16534903264486442     
  0.16535087752496239     
  0.16535324302757423     
  0.16535614148365169     
  0.16535958585052385     
  0.16536358859411118     
  0.16536816225070081     
  0.16537331949566600     
  0.16537907302913391     
  0.16538543559741697     
  0.16539242006321231     
  0.16540003947011572     
  0.16540830705723075     
  0.16541723622419227     
  0.16542684047881059     
  0.16543713339894592     
  0.16544812861726363     
  0.16545984206018327     
  0.16545984206018327     
 
 enthalpy     5.0099999999999376     
   554.23225806451615     
   555.09091592342941     
   555.94379893803648     
   556.79147071052489     
   557.63385875254073     
   558.47089060707458     
   559.30249386960656     
   560.12865391896685     
   560.94931921889702     
   561.76439513229707     
   562.57380427186365     
   563.37747307812242     
   564.17532970957541     
   564.96730300760794     
   565.75332190235179     
   566.53331524016971     
   567.30721192579392     
   568.07494116444161     
   568.83643262965188     
   569.59161651722081     
   570.34059386379670     
   570.34059386379670     
 
 density      5.0099999999999376     
   46.623174821974580     
   46.577581598729196     
   46.532196454766712     
   46.486992815496748     
   46.441976050730787     
   46.397151560869695     
   46.352524774050579     
   46.308098048762623     
   46.263875731903511     
   46.219864511943072     
   46.176070184734662     
   46.132498369247138     
   46.089154619262700     
   46.046044478063926     
   46.003173509789399     
   45.960547308177524     
   45.918171488223628     
   45.876051672263713     
   45.834193479967418     
   45.792602524471000     
   45.751275040825782     
   45.751275040825782     
 
 velocity     5.0099999999999376     
   14.996980458202364     
   15.011692819335854     
   15.026410814106598     
   15.041143968343462     
   15.055891513787826     
   15.070652673074372     
   15.085426660370640     
   15.100213737710204     
   15.115013470225614     
   15.129824655417218     
   15.144646382792134     
   15.159477791043116     
   15.174318033786520     
   15.189166268175432     
   15.204021650532743     
   15.218883334796589     
   15.233750472044489     
   15.248622210283804     
   15.263497694281522     
   15.278376065479302     
   15.293259801601883     
   15.293259801601883     
 
 energy       5.0099999999999376     
   544.71123360585204     
   545.56072742829792     
   546.40445825560005     
   547.24298475375770     
   548.07623561407536     
   548.90413957001863     
   549.72662542403691     
   550.54367825199290     
   551.35524887018209     
   552.16124375457161     
   552.96158691500432     
   553.75620620326254     
   554.54503113048509     
   555.32799179195149     
   556.10501830771227     
   556.87604072859619     
   557.64098923603160     
   558.39979438959449     
   559.15238726520681     
   559.89869947715420     
   560.63882769875045     
   560.63960902070266     
 
 pressure     6.0099999999999163     
   588.56332101070484     
   560.58635690987796     
   532.29877865606340     
   504.03900109597492     
   475.80677958267518     
   447.60204865809499     
   419.42474023920244     
   391.27478358662597     
   363.15207561481162     
   335.05655284272052     
   306.98814168072170     
   278.94676329092044     
   250.93233527630190     
   222.94477210502004     
   194.98398526306286     
   167.04988331536111     
   139.14237192970327     
   111.26135388254845     
   83.406729056423217     
   55.578394433064048     
   27.776170290608192     
   0.0000000000000000     
 
 flow_rate    6.0099999999999163     
  0.16534649999999998     
  0.16534675539245533     
  0.16534735880565710     
  0.16534831985321441     
  0.16534964807060362     
  0.16535135311377469     
  0.16535344475808009     
  0.16535593294240383     
  0.16535882760867809     
  0.16536213880034997     
  0.16536587669380159     
  0.16537005158554105     
  0.16537467388749971     
  0.16537975412397105     
  0.16538530292925643     
  0.16539133104550441     
  0.16539784932065435     
  0.16540486870641116     
  0.16541240025618428     
  0.16542045549308854     
  0.16542904564637123     
  0.16542904564637123     
 
 enthalpy     6.0099999999999163     
   554.23225806451615     
   555.14455948791669     
   556.05236493140274     
   556.95613633420783     
   557.85581085580202     
   558.75132550146225     
   559.64261713790131     
   560.52970716417394     
   561.41250356259332     
   562.29093331098875     
   563.16492950546376     
   564.03442710447416     
   564.89936186283569     
   565.75966993906718     
   566.61528772457598     
   567.46615176391879     
   568.31219871773931     
   569.15336534825872     
   569.98958851499492     
   570.82100207278143     
   571.64741701086837     
   571.64741701086837     
 
 density      6.0099999999999163     
   46.623174728988772     
   46.574739341419807     
   46.526431662738190     
   46.478230240999729     
   46.430139580489332     
   46.382164227029342     
   46.334308765977461     
   46.286573275551852     
   46.238963929006630     
   46.191485920351276     
   46.144144148559270     
   46.096943444186259     
   46.049888625804108     
   46.002984520538760     
   45.956235972777890     
   45.909647848010010     
   45.863225034372078     
   45.816972442973608     
   45.770895007656996     
   45.724986838803765     
   45.679259805327995     
   45.679259805327995     
 
 velocity     6.0099999999999163     
   14.996980488112518     
   15.012599782178055     
   15.028241977293854     
   15.043914834091591     
   15.059617747963335     
   15.075350102749328     
   15.091111271147840     
   15.106902102541778     
   15.122721456119045     
   15.138568507668142     
   15.154442531055881     
   15.170342823477252     
   15.186268686643896     
   15.202219419754240     
   15.218194316361808     
   15.234192662841155     
   15.250213737609638     
   15.266256810753539     
   15.282321143837979     
   15.298409652719743     
   15.314519291785713     
   15.314519291785713     
 
 energy       6.0099999999999163     
   544.71123357178408     
   545.61396654118334     
   546.51219947991569     
   547.40639020263245     
   548.29647677771356     
   549.18239713202115     
   550.06408907129264     
   550.94157393176067     
   551.81476120267541     
   552.68357890042989     
   553.54796114485066     
   554.40784392173020     
   555.26316402380019     
   556.11385866082333     
   556.95986528997491     
   557.80112153662958     
   558.63756515749969     
   559.46913402615166     
   560.29576612867197     
   561.11759353870389     
   561.93443073474032     
   561.93521266310256     
 
 pressure     7.0099999999998950     
   588.55414163338980     
   560.57717756236889     
   532.27683831455988     
   504.00544296061361     
   475.76281776711249     
   447.54893138096111     
   419.36375032274714     
   391.20723895501550     
   363.07932969701250     
   334.97999981322607     
   306.90921065368991     
   278.86691973952912     
   250.85308176998186     
   222.86764890094463     
   194.91057084196575     
   166.98179489004019     
   139.08126593683531     
   111.20892646353951     
   83.364716529339134     
   55.548515003531158     
   27.760296507942346     
   0.0000000000000000     
 
 flow_rate    7.0099999999998950     
  0.16534649999999998     
  0.16534668321604781     
  0.16534711661055407     
  0.16534780768966406     
  0.16534876389696809     
  0.16534999278762827     
  0.16535150202814217     
  0.16535329937329515     
  0.16535539264344698     
  0.16535778977028798     
  0.16536049880502854     
  0.16536352791235842     
  0.16536688536784339     
  0.16537057955627280     
  0.16537461897045341     
  0.16537901221012671     
  0.16538376798090332     
  0.16538889509325341     
  0.16539440262730393     
  0.16540029953851265     
  0.16540659483240630     
  0.16540659483240630     
 
 enthalpy     7.0099999999998950     
   554.23225806451615     
   555.18303877225026     
   556.13034046469409     
   557.07453531783005     
   558.01556998157776     
   558.95339084424836     
   559.88794404346538     
   560.81926105498144     
   561.74724565883810     
   562.67183724175982     
   563.59297889081063     
   564.51061482778596     
   565.42468968512708     
   566.33514823213409     
   567.24193525500141     
   568.14499550090818     
   569.04427365236143     
   569.93971431761304     
   570.83142023703044     
   571.71924165695737     
   572.60311227477871     
   572.60311227477871     
 
 density      7.0099999999998950     
   46.623174679317572     
   46.572700336602765     
   46.522290274879722     
   46.471927540777806     
   46.421615813472997     
   46.371358817605994     
   46.321160321953883     
   46.271019540415111     
   46.220942552482015     
   46.170933567181102     
   46.120996626850022     
   46.071135743873327     
   46.021354939159991     
   45.971658256613587     
   45.922049769396047     
   45.872533582764312     
   45.823113835278392     
   45.773794699135159     
   45.724571665368813     
   45.675454115944390     
   45.626446891163710     
   45.626446891163710     
 
 velocity     7.0099999999998950     
   14.996980504089937     
   15.013250497039278     
   15.029557768049944     
   15.045908542667391     
   15.062302396767526     
   15.078738894295014     
   15.095217587499885     
   15.111739516661027     
   15.128303486234667     
   15.144908910169230     
   15.161555259203734     
   15.178242015845941     
   15.194968661519797     
   15.211734671577700     
   15.228539513011954     
   15.245382643288773     
   15.262263509713311     
   15.279181549085767     
   15.296139118143321     
   15.313133921370559     
   15.330165169485538     
   15.330165169485538     
 
 energy       7.0099999999998950     
   544.71123346336742     
   545.65215549668574     
   546.58958210267099     
   547.52388201194776     
   548.45500253795149     
   549.38289074508396     
   550.30749346353184     
   551.22884196508005     
   552.14684127666874     
   553.06143156411940     
   553.97255668265666     
   554.88016162885287     
   555.78419182198422     
   556.68459283238337     
   557.58131026246076     
   558.47428969129226     
   559.36347664922414     
   560.24881660842220     
   561.13041106258788     
   562.00811271971429     
   562.88185622591027     
   562.88263861326743     
 
 pressure     8.0099999999998737     
   588.54966606630217     
   560.57270200983203     
   532.26320722355126     
   503.98344950250384     
   475.73331263145553     
   447.51279128804759     
   419.32187846063670     
   391.16055732916118     
   363.02880683012575     
   334.92662404787677     
   306.85399755039265     
   278.81091299516578     
   250.79735381891436     
   222.81330143025176     
   194.85873527355281     
   166.93363284648538     
   139.03796969734987     
   111.17171941127306     
   83.334815157128048     
   55.527244616545396     
   27.748983061822376     
   0.0000000000000000     
 
 flow_rate    8.0099999999998737     
  0.16534649999999998     
  0.16534663143664041     
  0.16534694270846814     
  0.16534743962878326     
  0.16534812796180529     
  0.16534901357029208     
  0.16535010250597570     
  0.16535140074102098     
  0.16535291435577426     
  0.16535464956536333     
  0.16535661268781218     
  0.16535881013546372     
  0.16536124840919625     
  0.16536393409687633     
  0.16536687387724658     
  0.16537007452792099     
  0.16537354293383263     
  0.16537728621860232     
  0.16538131140743714     
  0.16538562560234030     
  0.16539023604144373     
  0.16539023604144373     
 
 enthalpy     8.0099999999998737     
   554.23225806451615     
   555.21064171296530     
   556.18634748683189     
   557.15967125770078     
   558.13056848166070     
   559.09899430192775     
   560.06492584145622     
   561.02835077553686     
   561.98920203041575     
   562.94742940566755     
   563.90298517327176     
   564.85582233174000     
   565.80589411199071     
   566.75315378002961     
   567.69755452194852     
   568.63904935674157     
   569.57759107349830     
   570.51323569349108     
   571.44589515076120     
   572.37550675709542     
   573.30201625604730     
   573.30201625604730     
 
 density      8.0099999999998737     
   46.623174655068922     
   46.571237558401926     
   46.519315186723489     
   46.467394400605073     
   46.415478137154849     
   46.363569378485842     
   46.311669955641769     
   46.259781148809118     
   46.207907199621118     
   46.156051477387720     
   46.104217247844275     
   46.052407766290074     
   46.000626303935633     
   45.948876158433812     
   45.897160660054745     
   45.845483176416387     
   45.793847115935279     
   45.742250233311594     
   45.690698207374417     
   45.639195362824921     
   45.587745592717887     
   45.587745592717887     
 
 velocity     8.0099999999998737     
   14.996980511889847     
   15.013717353734554     
   15.030503157571893     
   15.047342855494502     
   15.064236198547592     
   15.081182926704225     
   15.098183166879883     
   15.115237216524880     
   15.132344412538789     
   15.149504381124054     
   15.166716785177769     
   15.183981293158965     
   15.201297569865797     
   15.218665272719569     
   15.236084049946781     
   15.253553539594273     
   15.271073368995529     
   15.288645070046467     
   15.306267521075680     
   15.323940048065518     
   15.341662124819909     
   15.341662124819909     
 
 energy       8.0099999999998737     
   544.71123332947354     
   545.67955006338968     
   546.64516299731156     
   547.60836511534944     
   548.56911232564516     
   549.52736023490229     
   550.48308604030115     
   551.43627790039045     
   552.38686934115447     
   553.33481071001972     
   554.28005482634990     
   555.22255525010587     
   556.16226578979888     
   557.09914030126845     
   558.03313256676586     
   558.96419620435199     
   559.89228460697086     
   560.81745299026386     
   561.73961480952312     
   562.65870809867363     
   563.57467931705787     
   563.57546205047470     
 
 pressure     9.0099999999998523     
   588.54786696577139     
   560.57090291517000     
   532.25483962232897     
   503.96906367264290     
   475.71350482656868     
   447.48817750960973     
   419.29309482852585     
   391.12825857461519     
   362.99367608889747     
   334.88936241050578     
   306.81532703534026     
   278.77157724764987     
   250.75811860296329     
   222.77495505788718     
   194.82208900808124     
   166.89952129449088     
   139.00725119537245     
   111.14527641235864     
   83.313551998576358     
   55.512099890698970     
   27.740917875118225     
   0.0000000000000000     
 
 flow_rate    9.0099999999998523     
  0.16534649999999998     
  0.16534659428958715     
  0.16534681784407396     
  0.16534717513673131     
  0.16534767060294900     
  0.16534830876242509     
  0.16534909422973418     
  0.16535003163054626     
  0.16535112567947849     
  0.16535238119299039     
  0.16535380307820760     
  0.16535539633076649     
  0.16535716603415057     
  0.16535911735952816     
  0.16536125556572526     
  0.16536358599938897     
  0.16536611409504340     
  0.16536884537168134     
  0.16537178536340383     
  0.16537493968917027     
  0.16537831407240303     
  0.16537831407240303     
 
 enthalpy     9.0099999999998523     
   554.23225806451615     
   555.23044272235381     
   556.22657563158850     
   557.22088949221984     
   558.21334761045125     
   559.20391296588923     
   560.19257677641201     
   561.17931306253297     
   562.16407046236225     
   563.14680788140754     
   564.12748586398914     
   565.10606533377359     
   566.08250722706987     
   567.05677235295389     
   568.02882133151400     
   568.99861456473286     
   569.96611222281524     
   570.93138607661035     
   571.89433068172571     
   572.85489662831867     
   573.81303909288579     
   573.81303909288579     
 
 density      9.0099999999998523     
   46.623174645288799     
   46.570188178882297     
   46.517178026204597     
   46.464134201615117     
   46.411058999598438     
   46.357954756700394     
   46.304822318780097     
   46.251663466073829     
   46.198481365833828     
   46.145278662338981     
   46.092057937556305     
   46.038821778483431     
   45.985572796861085     
   45.932313636787860     
   45.879046978166379     
   45.825775538401864     
   45.772502073268370     
   45.719223215416591     
   45.665945351476466     
   45.612671826580765     
   45.559405761858386     
   45.559405761858386     
 
 velocity     9.0099999999998523     
   14.996980515035757     
   15.014052289086985     
   15.031182359978402     
   15.048374594609186     
   15.065628902852907     
   15.082945185018300     
   15.100323832489019     
   15.117764933010747     
   15.135268125999531     
   15.152833225663107     
   15.170460070321061     
   15.188148500213503     
   15.205898350887956     
   15.223709450550292     
   15.241581618776397     
   15.259514665805801     
   15.277508392093734     
   15.295564649180537     
   15.313682033093377     
   15.331860153372578     
   15.350098697536087     
   15.350098697536087     
 
 energy       9.0099999999998523     
   544.71123319588719     
   545.69920153295027     
   546.68508492811145     
   547.66911364523060     
   548.65125126604789     
   549.63146105552801     
   550.60973419464415     
   551.58604501404238     
   552.56034256678277     
   553.53258611035164     
   554.50273653907584     
   555.47075513434720     
   556.43660320087758     
   557.40024192805879     
   558.36163232885008     
   559.32073521105099     
   560.27751116390209     
   561.23203109083556     
   562.18419086251868     
   563.13394158831841     
   564.08123894429616     
   564.08202193771103     
 
 pressure     10.009999999999831     
   588.54759614755869     
   560.57063209786600     
   532.24985647422614     
   503.95974982229961     
   475.70027823271136     
   447.47147103987623     
   419.27335656656817     
   391.10595228909523     
   362.96928474794458     
   334.86338336789464     
   306.78827360274090     
   278.74397923705891     
   250.73052272679658     
   222.74792528745829     
   194.79620691672096     
   166.87538639391485     
   138.98548126970019     
   111.12648903062825     
   83.298425057966554     
   55.501312047721171     
   27.735165953995153     
   0.0000000000000000     
 
 flow_rate    10.009999999999831     
  0.16534649999999998     
  0.16534656764041805     
  0.16534672819286866     
  0.16534698508145948     
  0.16534734170149243     
  0.16534780151879525     
  0.16534836806074046     
  0.16534904488391541     
  0.16534983562246056     
  0.16535074399361419     
  0.16535177379078000     
  0.16535292888225678     
  0.16535421321103203     
  0.16535563079492410     
  0.16535718572686101     
  0.16535888217523098     
  0.16536072444736641     
  0.16536271677486167     
  0.16536486346190718     
  0.16536716892126230     
  0.16536963765343968     
  0.16536963765343968     
 
 enthalpy     10.009999999999831     
   554.23225806451615     
   555.24464702722832     
   556.25547030723203     
   557.26490931534158     
   558.27293415767099     
   559.27951462365047     
   560.28464850438877     
   561.28830685980029     
   562.29044925596918     
   563.29104232119334     
   564.29005376992961     
   565.28745150222767     
   566.28320334098248     
   567.27727693138718     
   568.26963969625444     
   569.26025881468877     
   570.24915195832364     
   571.23628966827016     
   572.22161930276638     
   573.20510097759529     
   574.18669781963013     
   574.18669781963013     
 
 density      10.009999999999831     
   46.623174643774405     
   46.569435377862277     
   46.515642842788367     
   46.461789612499842     
   46.407877439289997     
   46.353908113347046     
   46.299881943032730     
   46.245800680627191     
   46.191666718540269     
   46.137482093803875     
   46.083248807252993     
   46.028968871782240     
   45.974644326570328     
   45.920277242654358     
   45.865869725522103     
   45.811423916454714     
   45.756939202036925     
   45.702417562806389     
   45.647862281551781     
   45.593275967511708     
   45.538661089049327     
   45.538661089049327     
 
 velocity     10.009999999999831     
   14.996980515522882     
   15.014292573330568     
   15.031670292835832     
   15.049116678842884     
   15.066631779342622     
   15.084215634532411     
   15.101868771547959     
   15.119591250625056     
   15.137382927417821     
   15.155243778045330     
   15.173173794725969     
   15.191172969869211     
   15.209241291298184     
   15.227378740304841     
   15.245585290681175     
   15.263860908159526     
   15.282206488114085     
   15.300622056095390     
   15.319107204624462     
   15.337661755920070     
   15.356285583042068     
   15.356285583042068     
 
 energy       10.009999999999831     
   544.71123307294386     
   545.71329852535473     
   546.71375958022816     
   547.71279557284413     
   548.71037674065860     
   549.70647301252257     
   550.70108203110226     
   551.69417505838237     
   552.68571189700526     
   553.67565936624828     
   554.66398537146188     
   555.65065801050730     
   556.63564531318207     
   557.61891514161277     
   558.60043514609424     
   559.58017274410099     
   560.55814515871657     
   561.53432343365705     
   562.50865531944589     
   563.48110125863445     
   564.45162469080003     
   564.45240787904061     
 
 pressure     11.009999999999810     
   588.54809916584270     
   560.57113511454475     
   532.24697888307662     
   503.95375613333943     
   475.69146139952818     
   447.46013522656295     
   419.25981739799397     
   391.09053799915648     
   362.95233716183714     
   334.84525533462977     
   306.76933008496513     
   278.72459773296714     
   250.71109359147542     
   222.72885202532061     
   194.77790646375374     
   166.85828939628013     
   138.97003236134864     
   111.11314581523268     
   83.287666716750920     
   55.493629657320191     
   27.731064731187459     
   0.0000000000000000     
 
 flow_rate    11.009999999999810     
  0.16534649999999998     
  0.16534654852273672     
  0.16534666382638788     
  0.16534684852054979     
  0.16534710519321583     
  0.16534743649040021     
  0.16534784509933029     
  0.16534833374128732     
  0.16534890520371850     
  0.16534956234163589     
  0.16535030807297979     
  0.16535114537791906     
  0.16535207729892384     
  0.16535310694107153     
  0.16535423747247061     
  0.16535547212472645     
  0.16535681419175827     
  0.16535826696348932     
  0.16535983379846306     
  0.16536151813837352     
  0.16536332349774546     
  0.16536332349774546     
 
 enthalpy     11.009999999999810     
   554.23225806451615     
   555.25483652465743     
   556.27622447633962     
   557.29656230807450     
   558.31582589093045     
   559.33399080293589     
   560.35105815546399     
   561.36699989926842     
   562.38178418889026     
   563.39538413877062     
   564.40777357166519     
   565.41892637382432     
   566.42881630647753     
   567.43741693334198     
   568.44470158808792     
   569.45064335850509     
   570.45527002079950     
   571.45853900105249     
   572.46041010335887     
   573.46085119296174     
   574.45983219171114     
   574.45983219171114     
 
 density      11.009999999999810     
   46.623174646449563     
   46.568895341553727     
   46.514540103641238     
   46.460103553985924     
   46.405586996000245     
   46.350991766401336     
   46.296317849084986     
   46.241566800804165     
   46.186740402801149     
   46.131840189892387     
   46.076867677655052     
   46.021824397063106     
   45.966711904775451     
   45.911531787235809     
   45.856285662641319     
   45.800975182017289     
   45.745599006312581     
   45.690159667050281     
   45.634659592526440     
   45.579100790985841     
   45.523485178857229     
   45.523485178857229     
 
 velocity     11.009999999999810     
   14.996980514662381     
   15.014464950610165     
   15.032020803070516     
   15.049650388612170     
   15.067353872016302     
   15.085131412071188     
   15.102983612107359     
   15.120910567886435     
   15.138912306436662     
   15.156988940031617     
   15.175140591907585     
   15.193367384845166     
   15.211669437715100     
   15.230046864048321     
   15.248499771304527     
   15.267028260431577     
   15.285633435711217     
   15.304315112761412     
   15.323073143823079     
   15.341907526142638     
   15.360818291973798     
   15.360818291973798     
 
 energy       11.009999999999810     
   544.71123296621215     
   545.72341101690449     
   546.73435566780825     
   547.74420551701155     
   548.75293645094132     
   549.76052406937686     
   550.76696925661508     
   551.77224406434152     
   552.77631673988390     
   553.77916045838560     
   554.78074910403598     
   555.78105663030419     
   556.78005687301959     
   557.77772347859582     
   558.77402987190908     
   559.76894924075111     
   560.76250883284263     
   561.75466647629833     
   562.74538219681085     
   563.73462402655446     
   564.72236204531214     
   564.72314537921523     
 
 pressure     12.009999999999788     
   588.54896028498547     
   560.57199623091674     
   532.24541480530661     
   503.94995005091658     
   475.68561860117234     
   447.45246940169261     
   419.25055083812981     
   391.07990297246846     
   362.94057562126812     
   334.83261759660559     
   306.75607562473317     
   278.71099551157562     
   250.69742231147305     
   222.71540036655827     
   194.76497331260325     
   166.84618407286271     
   138.95907484677687     
   111.10366807373622     
   83.280014437322947     
   55.488158141141092     
   27.728140170388276     
   0.0000000000000000     
 
 flow_rate    12.009999999999788     
  0.16534649999999998     
  0.16534653480821071     
  0.16534661761457609     
  0.16534675040058597     
  0.16534693513172866     
  0.16534717382062464     
  0.16534746850770562     
  0.16534782126709677     
  0.16534823422820522     
  0.16534870957490205     
  0.16534924954237568     
  0.16534985641680000     
  0.16535053253555637     
  0.16535128028761284     
  0.16535210211400930     
  0.16535300050836679     
  0.16535397799099366     
  0.16535503710271543     
  0.16535618044777425     
  0.16535741069701373     
  0.16535873058124606     
  0.16535873058124606     
 
 enthalpy     12.009999999999788     
   554.23225806451615     
   555.26214598916692     
   556.29113155265350     
   557.31932272062113     
   558.34670017063752     
   559.37324431779712     
   560.39895780046061     
   561.42381519377170     
   562.44779149465921     
   563.47086519249865     
   564.49301522852898     
   565.51422053391104     
   566.53445989431543     
   567.55371189751054     
   568.57195490952461     
   569.58916706275272     
   570.60537843956843     
   571.62054414495879     
   572.63463283709063     
   573.64761875067677     
   574.65947752771478     
   574.65947752771478     
 
 density      12.009999999999788     
   46.623174651066947     
   46.568507939371706     
   46.513748008315495     
   46.458891097775705     
   46.403938144826093     
   46.348890115307704     
   46.293746796919223     
   46.238509490236815     
   46.183179491194238     
   46.127757924740308     
   46.072245907397985     
   46.016644572144948     
   45.960955075870515     
   45.905178602405726     
   45.849316364029875     
   45.793369602339006     
   45.737336715658934     
   45.681220228164293     
   45.625021943822986     
   45.568743379326712     
   45.512385992138924     
   45.512385992138924     
 
 velocity     12.009999999999788     
   14.996980513177137     
   15.014588610173606     
   15.032272586173868     
   15.050034214358863     
   15.067873756315047     
   15.085791469334433     
   15.103787998323895     
   15.121863500877701     
   15.140018140859830     
   15.158252143019332     
   15.176565739840845     
   15.194959163346992     
   15.213432642599820     
   15.231986402648763     
   15.250620663979218     
   15.269335642167448     
   15.288132505567939     
   15.307011051216465     
   15.325971319683797     
   15.345013452544126     
   15.364137615971224     
   15.364137615971224     
 
 energy       12.009999999999788     
   544.71123287635089     
   545.73066522441832     
   546.74914917198998     
   547.76679111771136     
   548.78357166228284     
   549.79947114879064     
   550.81449193418985     
   551.82860860297421     
   552.84179613126503     
   553.85403296501283     
   554.86529800294250     
   555.87557013825688     
   556.88482812439975     
   557.89305052318468     
   558.90021568128645     
   559.90630171858561     
   560.91133814805130     
   561.91528037277010     
   562.91809712736767     
   563.91976268354551     
   564.92025271451473     
   564.92103615713756     
 
 pressure     13.009999999999767     
   588.54993558375236     
   560.57297152653882     
   532.24465032636851     
   503.94757254541526     
   475.68177187686553     
   447.44730354262248     
   419.24422236508480     
   391.07257622217566     
   362.93242183416078     
   334.82381432813128     
   306.74680733146880     
   278.70145380372446     
   250.68780615488694     
   222.70591627112208     
   194.75583551630677     
   166.83761472505685     
   138.95130419212396     
   111.09693669843271     
   83.274571917884998     
   55.484261507302726     
   27.726054796240117     
   0.0000000000000000     
 
 flow_rate    13.009999999999767     
  0.16534649999999998     
  0.16534652496986724     
  0.16534658443746336     
  0.16534667990255250     
  0.16534681285319330     
  0.16534698481534138     
  0.16534719733378303     
  0.16534745198423484     
  0.16534775038784352     
  0.16534809420930163     
  0.16534848515472073     
  0.16534892497152914     
  0.16534941544875004     
  0.16534995841742431     
  0.16535055575108246     
  0.16535120936623940     
  0.16535192118671863     
  0.16535269316652776     
  0.16535352731589714     
  0.16535442569845088     
  0.16535539042666350     
  0.16535539042666350     
 
 enthalpy     13.009999999999767     
   554.23225806451615     
   555.26738945399541     
   556.30183883300697     
   557.33568878750805     
   558.36892394914651     
   559.40152872007855     
   560.43350625751475     
   561.46483444419493     
   562.49549371743842     
   563.52546697102662     
   564.55473737842635     
   565.58328806173199     
   566.61110199428163     
   567.63816196264645     
   568.66445054905603     
   569.68995012236314     
   570.71468948261975     
   571.73862608606987     
   572.76173545445135     
   573.78399703391904     
   574.80539122809864     
   574.80539122809864     
 
 density      13.009999999999767     
   46.623174656307739     
   46.568230032978271     
   46.513179055393032     
   46.458019230917387     
   46.402751200993507     
   46.347375631611214     
   46.291892194285971     
   46.236301922893759     
   46.180605729566899     
   46.124804408279843     
   46.068898751291371     
   46.012889567030491     
   45.956777685513288     
   45.900563960594262     
   45.844249271128255     
   45.787834521677084     
   45.731318074157272     
   45.674702217290672     
   45.617988268287206     
   45.561177344735498     
   45.504270526996514     
   45.504270526996514     
 
 velocity     13.009999999999767     
   14.996980511491364     
   15.014677319716588     
   15.032453445842245     
   15.050310237930823     
   15.068248036624388     
   15.086267179799536     
   15.104368333249825     
   15.122551724863003     
   15.140817627214886     
   15.159166356717389     
   15.177598235553125     
   15.196113585790535     
   15.214712727575609     
   15.233395978360525     
   15.252163652487166     
   15.271016060917857     
   15.289954366564013     
   15.308978428576856     
   15.328088434370274     
   15.347284643393891     
   15.366567332723820     
   15.366567332723820     
 
 energy       13.009999999999767     
   544.71123280238578     
   545.73586903927526     
   546.75977486049487     
   547.78303145875259     
   548.80562331613919     
   549.82753468877206     
   550.84876841509458     
   551.86930230747657     
   552.88911669347522     
   553.90819434099524     
   554.92651829836063     
   555.94407156588841     
   556.96083699936651     
   557.97679727245441     
   558.99193485936655     
   560.00623202603219     
   561.01971699181399     
   562.03234740222410     
   563.04409873986299     
   564.05495038370680     
   565.06488266637314     
   565.06566619002604     
 
 pressure     14.009999999999746     
   588.55089215497128     
   560.57392809467035     
   532.24435883390083     
   503.94612059053821     
   475.67926015496892     
   447.44383742568755     
   419.23991202850078     
   391.06753791734906     
   362.92677672995080     
   334.81768834519505     
   306.74033157491914     
   278.69476475747933     
   250.68104584031579     
   222.69923239629335     
   194.74938162267603     
   166.83155033397006     
   138.94579495212383     
   111.09215691684197     
   83.270701780847276     
   55.481486920075746     
   27.724568031873041     
   0.0000000000000000     
 
 flow_rate    14.009999999999746     
  0.16534649999999998     
  0.16534651791221983     
  0.16534656061872890     
  0.16534662925151256     
  0.16534672493409500     
  0.16534684882021933     
  0.16534700207642497     
  0.16534718589639349     
  0.16534740151066493     
  0.16534765018435110     
  0.16534793321571623     
  0.16534825193620523     
  0.16534860771074070     
  0.16534900193813531     
  0.16534943605153252     
  0.16534991151886733     
  0.16535042980496795     
  0.16535099240744425     
  0.16535160087222509     
  0.16535225678780466     
  0.16535296178214431     
  0.16535296178214431     
 
 enthalpy     14.009999999999746     
   554.23225806451615     
   555.27115086814274     
   556.30952952549217     
   557.34745691456851     
   558.38492088430723     
   559.42190908670273     
   560.45842465469616     
   561.49444888386199     
   562.52996651876356     
   563.56496402838161     
   564.59942804736340     
   565.63334513867255     
   566.66670172346289     
   567.69948405342518     
   568.73167819774574     
   569.76327003617098     
   570.79428541522896     
   571.82468626655191     
   572.85445350269367     
   573.88357080360004     
   574.91202249510877     
   574.91202249510877     
 
 density      14.009999999999746     
   46.623174661452893     
   46.568030675232833     
   46.512770387105313     
   46.457392289089348     
   46.401896786210031     
   46.346284304266845     
   46.290554448292198     
   46.234708000537445     
   46.178745571150742     
   46.122667689131866     
   46.066474885765679     
   46.010167707490119     
   45.953746719841909     
   45.897212509138065     
   45.840565683378934     
   45.783806872826176     
   45.726934518495099     
   45.669950580176369     
   45.612855992638458     
   45.555651552022681     
   45.498338032042213     
   45.498338032042213     
 
 velocity     14.009999999999746     
   14.996980509836355     
   15.014740956663267     
   15.032583357773934     
   15.050508731187513     
   15.068517481367309     
   15.086610011345771     
   15.104786995684680     
   15.123048731523276     
   15.141395577291631     
   15.159827923315090     
   15.178346164549001     
   15.196950696354712     
   15.215641913192011     
   15.234420208053898     
   15.253285972153998     
   15.272239594718902     
   15.291282198960246     
   15.310413740999984     
   15.329634523736642     
   15.348944901970796     
   15.368345243479038     
   15.368345243479038     
 
 energy       14.009999999999746     
   544.71123274249885     
   545.73960200269596     
   546.76740693773513     
   547.79470916660023     
   548.82149633177710     
   549.84775588118612     
   550.87349060333383     
   551.89868165604207     
   552.92331360486958     
   553.94737272810994     
   554.97084547010229     
   555.99371820577983     
   557.01597717117602     
   558.03760843608200     
   559.05859789120655     
   560.07893124139787     
   561.09863375821863     
   562.11766745818602     
   563.13601312393985     
   564.15365428547489     
   565.17057511595169     
   565.17135869992524     
 
 pressure     15.009999999999724     
   588.55176373536131     
   560.57479967224560     
   532.24433509687628     
   503.94526200292495     
   475.67763718802689     
   447.44152402690156     
   419.23698572113278     
   391.06408091783118     
   362.92287475391015     
   334.81343067324485     
   306.73581137212614     
   278.69007922252547     
   250.67629632944573     
   222.69452454082796     
   194.74482544501734     
   166.82726036380836     
   138.94189034356458     
   111.08876393187622     
   83.267950488402022     
   55.479511755921671     
   27.723508274769717     
   0.0000000000000000     
 
 flow_rate    15.009999999999724     
  0.16534649999999998     
  0.16534651284936303     
  0.16534654351878197     
  0.16534659286053940     
  0.16534666172087645     
  0.16534675096996496     
  0.16534686148670916     
  0.16534699417312487     
  0.16534714996082001     
  0.16534732980869163     
  0.16534753470198432     
  0.16534776565239148     
  0.16534802369834786     
  0.16534830990540364     
  0.16534862536662562     
  0.16534897120300823     
  0.16534934852734495     
  0.16534975848410041     
  0.16535020225831401     
  0.16535068106878889     
  0.16535119616595503     
  0.16535119616595503     
 
 enthalpy     15.009999999999724     
   554.23225806451615     
   555.27384912907303     
   556.31505349524036     
   557.35591884031658     
   558.39643560707452     
   559.43659407178779     
   560.47639707663893     
   561.51582912680226     
   562.55487836232032     
   563.59353413100519     
   564.63178587213474     
   565.66962294621578     
   566.70703458441733     
   567.74400986838396     
   568.78053772049725     
   569.81660689850162     
   570.85223967636364     
   571.88740321890521     
   572.92208267321530     
   573.95626513587740     
   574.98993813455036     
   574.98993813455036     
 
 density      15.009999999999724     
   46.623174666143619     
   46.567887665264358     
   46.512476850446788     
   46.456941473489756     
   46.401281751767073     
   46.345497920144503     
   46.289589547549923     
   46.233557191728679     
   46.177401226322353     
   46.121121969705186     
   46.064719744776099     
   46.008194888226384     
   45.951547753421742     
   45.894778711665708     
   45.837888152906999     
   45.780876486214815     
   45.723742284635456     
   45.666487155986090     
   45.609111735103710     
   45.551616561029334     
   45.494002160236242     
   45.494002160236242     
 
 velocity     15.009999999999724     
   14.996980508327519     
   15.014786607180143     
   15.032676672587625     
   15.050651468011278     
   15.068711448965772     
   15.086857070674245     
   15.105089009666770     
   15.123407626478539     
   15.141813346984630     
   15.160306620606443     
   15.178887900782987     
   15.197557641940314     
   15.216316298547943     
   15.235164324705568     
   15.254102173910566     
   15.273130298899691     
   15.292249768717792     
   15.311460647016762     
   15.330763327332946     
   15.350158240980535     
   15.369645829177138     
   15.369645829177138     
 
 energy       15.009999999999724     
   544.71123269461293     
   545.74227984903757     
   546.77288879930654     
   547.80310606679745     
   548.83292184355719     
   549.86232615655285     
   550.89132148589260     
   551.91989214325565     
   552.94802603603580     
   553.97571227071535     
   555.00294004519594     
   556.02969847992995     
   557.05597656781811     
   558.08176315425510     
   559.10704692754769     
   560.13181641366430     
   561.15609332581710     
   562.17984481944188     
   563.20305584087805     
   564.22571327143771     
   565.24780442134795     
   565.24858805018005     
 
 pressure     16.009999999999703     
   588.55252313281085     
   560.57555906724178     
   532.24445222766087     
   503.94477854503975     
   475.67660243151232     
   447.43998984007811     
   419.23500662829565     
   391.06171504843996     
   362.92018272483369     
   334.81047576892320     
   306.73265978045714     
   278.68680014905357     
   250.67296209373825     
   222.69121066849189     
   194.74161075891328     
   166.82422707563325     
   138.93912414636304     
   111.08635626754952     
   83.265995230582107     
   55.478106100526880     
   27.722753090151123     
   0.0000000000000000     
 
 flow_rate    16.009999999999703     
  0.16534649999999998     
  0.16534650921749824     
  0.16534653124246937     
  0.16534656671518574     
  0.16534661627166045     
  0.16534668056674698     
  0.16534676026129153     
  0.16534685603539284     
  0.16534696859270753     
  0.16534709865832231     
  0.16534724697814163     
  0.16534741431901892     
  0.16534760146903230     
  0.16534780923780823     
  0.16534803845688006     
  0.16534828998004397     
  0.16534856465093348     
  0.16534886334189539     
  0.16534918695876025     
  0.16534953643401382     
  0.16534991272533833     
  0.16534991272533833     
 
 enthalpy     16.009999999999703     
   554.23225806451615     
   555.27578473406561     
   556.31902117590164     
   557.36200341052620     
   558.40472395564018     
   559.44717518990024     
   560.48935955862589     
   561.53126442691541     
   562.57288060085136     
   563.61419973028660     
   564.65521350934318     
   565.69591355425632     
   566.73629136685838     
   567.77633831979153     
   568.81604564919132     
   569.85540445048832     
   570.89443338917090     
   571.93310486347593     
   572.97140733979995     
   574.00933065547110     
   575.04686493172176     
   575.04686493172176     
 
 density      16.009999999999703     
   46.623174670231997     
   46.567785076805656     
   46.512266011260188     
   46.456617308266047     
   46.400839037190849     
   46.344931282095587     
   46.288893593946121     
   46.232726337305039     
   46.176429701343991     
   46.120003838021233     
   46.063448904939357     
   46.006765072027243     
   45.949952523652918     
   45.893011459578524     
   45.835942095519101     
   45.778744663534951     
   45.721417885576578     
   45.663963032189045     
   45.606380503715187     
   45.548670634784699     
   45.490833753944059     
   45.490833753944059     
 
 velocity     16.009999999999703     
   14.996980507012436     
   15.014819354832037     
   15.032743699294635     
   15.050754108630745     
   15.068851078885448     
   15.087035106768866     
   15.105306867228117     
   15.123666776283338     
   15.142115312553413     
   15.160652972379019     
   15.179280255837330     
   15.197997664569252     
   15.216805701100499     
   15.235704868540884     
   15.254695670413620     
   15.273778610536736     
   15.292954700571929     
   15.312224109034092     
   15.331587300358922     
   15.351044766847853     
   15.370597008707612     
   15.370597008707612     
 
 energy       16.009999999999703     
   544.71123265669689     
   545.74420080576817     
   546.77682623057501     
   547.80914387448627     
   548.84114597018083     
   549.87282461192444     
   550.90418187082298     
   551.93520487311048     
   552.96588415082147     
   553.99621107310122     
   555.02617705288230     
   556.05577342571610     
   557.08499141359414     
   558.11382211033526     
   559.14225647438843     
   560.17028532473012     
   561.19792678360511     
   562.22515315804719     
   563.25195265866910     
   564.27831485626621     
   565.30422960361295     
   565.30501326577587     
 
 pressure     17.009999999999859     
   588.55316521318787     
   560.57620114554402     
   532.24463357182947     
   503.94452783518852     
   475.67595412034387     
   447.43898028869728     
   419.23367416654798     
   391.06010076241830     
   362.91832946692330     
   334.80842838281501     
   306.73046527530420     
   278.68450778667113     
   250.67062346326503     
   222.68887975811901     
   194.73934402719317     
   166.82208352330139     
   138.93716538897607     
   111.08464851613861     
   83.264606221947602     
   55.477106091220030     
   27.722215114198001     
   0.0000000000000000     
 
 flow_rate    17.009999999999859     
  0.16534649999999998     
  0.16534650661216943     
  0.16534652242916009     
  0.16534654793101239     
  0.16534658359480650     
  0.16534662991237828     
  0.16534668737970437     
  0.16534675650853795     
  0.16534683782925150     
  0.16534693188897356     
  0.16534703925119740     
  0.16534716049591874     
  0.16534729621988378     
  0.16534744703687171     
  0.16534761357799474     
  0.16534779649201306     
  0.16534799641733033     
  0.16534821401735253     
  0.16534844998275058     
  0.16534870502514484     
  0.16534897987612282     
  0.16534897987612282     
 
 enthalpy     17.009999999999859     
   554.23225806451615     
   555.27717324568960     
   556.32187102395255     
   557.36637852519868     
   558.41068991582688     
   559.45479924730910     
   560.49870855081178     
   561.54240765115014     
   562.58588944003350     
   563.62914739699499     
   564.67217501674190     
   565.71496572146054     
   566.75751283440377     
   567.79980956902250     
   568.84184902343577     
   569.88362417712790     
   570.92515035412760     
   571.96640479036830     
   573.00737854790248     
   574.04806365089360     
   575.08845230734653     
   575.08845230734653     
 
 density      17.009999999999859     
   46.623174673689668     
   46.567711484914412     
   46.512114572009153     
   46.456384214554333     
   46.400520365811218     
   46.344522991385219     
   46.288391634772395     
   46.232126498483595     
   46.175727628327039     
   46.119195045456017     
   46.062528777095018     
   46.005728861364389     
   45.948795348835340     
   45.891728303257452     
   45.834527802002619     
   45.777193936391647     
   45.719725574222750     
   45.662123682046115     
   45.604388477424799     
   45.546520133301108     
   45.488518820727485     
   45.488518820727485     
 
 velocity     17.009999999999859     
   14.996980505900229     
   15.014842846467509     
   15.032791843273930     
   15.050827915554610     
   15.068951591330327     
   15.087163400079497     
   15.105464013545843     
   15.123853894857128     
   15.142333563718033     
   15.160903553502605     
   15.179564401240956     
   15.198316646063377     
   15.217160828713899     
   15.236097491334096     
   15.255127177339103     
   15.274250431331792     
   15.293468210445123     
   15.312780778696290     
   15.332188655804378     
   15.351692382409196     
   15.371292505780671     
   15.371292505780671     
 
 energy       17.009999999999859     
   544.71123262691196     
   545.74557880671330     
   546.77965434846556     
   547.81348536086853     
   548.84706569883895     
   549.88038910235582     
   550.91345721999949     
   551.94625960125916     
   552.97878883195301     
   554.01103808041273     
   555.04300052925396     
   556.07466928839062     
   557.10603736886867     
   558.13709767212606     
   559.16784298455138     
   560.19826597425549     
   561.22838143986417     
   562.25816645704265     
   563.28761178945035     
   564.31670915467635     
   565.34545045226491     
   565.34623413917427     
 
 pressure     18.010000000000016     
   588.55369653019932     
   560.57673246083823     
   532.24483437601475     
   503.94441783090980     
   475.67555737217265     
   447.43832227112426     
   419.23278181063188     
   391.05900309767571     
   362.91705677572105     
   334.80701243076430     
   306.72893943983024     
   278.68290712347721     
   250.66898476394152     
   222.68724160581479     
   194.73774685214190     
   166.82056965882981     
   138.93577912829491     
   111.08343779110238     
   83.263619899140110     
   55.476394943081893     
   27.721832008720089     
   0.0000000000000000     
 
 flow_rate    18.010000000000016     
  0.16534649999999998     
  0.16534650474323351     
  0.16534651610200460     
  0.16534653443556879     
  0.16534656010115484     
  0.16534659346749672     
  0.16534663490621296     
  0.16534668480168269     
  0.16534674355291343     
  0.16534681157196232     
  0.16534688928369271     
  0.16534697712590787     
  0.16534707554956801     
  0.16534718501902693     
  0.16534730601229025     
  0.16534743902127561     
  0.16534758452827747     
  0.16534774303676852     
  0.16534791507217936     
  0.16534810117634810     
  0.16534830190685690     
  0.16534830190685690     
 
 enthalpy     18.010000000000016     
   554.23225806451615     
   555.27816929835956     
   556.32391796942886     
   557.36952444620567     
   558.41498419745426     
   559.46029259777663     
   560.50545129241948     
   561.55045216939800     
   562.59528974649413     
   563.63995894973186     
   564.68445470318034     
   565.72877186596486     
   566.77290521313250     
   567.81684942763400     
   568.86059909612209     
   569.90414870633924     
   570.94751064316426     
   571.99066640653052     
   573.03360908344837     
   574.07633243460532     
   575.11883033711160     
   575.11883033711160     
 
 density      18.010000000000016     
   46.623174676551386     
   46.567658693794030     
   46.512005798257100     
   46.456216607630594     
   46.400290984521526     
   46.344228801933781     
   46.288029601683114     
   46.231693452884997     
   46.175220290289566     
   46.118610032699614     
   46.061862605005878     
   46.004977941675833     
   45.947955987904415     
   45.890796700172032     
   45.833500046600960     
   45.776066007227769     
   45.718493582579569     
   45.660783475707888     
   45.602935762099150     
   45.544950487374628     
   45.486827697917725     
   45.486827697917725     
 
 velocity     18.010000000000016     
   14.996980504979719     
   15.014859698230298     
   15.032826423964858     
   15.050880988199493     
   15.069023944046396     
   15.087255846725405     
   15.105577364260030     
   15.123988998905313     
   15.142491302260913     
   15.161084836784759     
   15.179770168625865     
   15.198547866512808     
   15.217418501407344     
   15.236382646351037     
   15.255440876378211     
   15.274593768455302     
   15.293842230962081     
   15.313186611261610     
   15.332627472056975     
   15.352165392117373     
   15.371800956048750     
   15.371800956048750     
 
 energy       18.010000000000016     
   544.71123260366664     
   545.74656731757636     
   546.78168568381409     
   547.81660709908431     
   548.85132670032567     
   549.88583952978433     
   550.92014684432900     
   551.95424022764155     
   552.98811386718978     
   554.02176235426555     
   555.05518027694961     
   556.08836215763142     
   557.12130243405170     
   558.15399545137814     
   559.18643545806924     
   560.21861660331660     
   561.25055076319791     
   562.28221922024898     
   563.31361473019717     
   564.34473071599996     
   565.37556071508220     
   565.37634442035198     
 
 pressure     19.010000000000172     
   588.55412912160091     
   560.57716505084159     
   532.24502987176982     
   503.94438974177200     
   475.67532249384669     
   447.43789843914061     
   419.23218793625966     
   391.05825968395840     
   362.91618521334181     
   334.80603521300225     
   306.72788025746769     
   278.68179091534881     
   250.66783776125169     
   222.68609137518530     
   194.73662233865588     
   166.81950122955988     
   138.93479861648987     
   111.08257988831930     
   83.262919850702431     
   55.475889432284930     
   27.721559296501610     
   0.0000000000000000     
 
 flow_rate    19.010000000000172     
  0.16534649999999998     
  0.16534650340255150     
  0.16534651155969368     
  0.16534652473984224     
  0.16534654321004946     
  0.16534656724630534     
  0.16534659712662492     
  0.16534663313923856     
  0.16534667558380872     
  0.16534672477012716     
  0.16534678101796590     
  0.16534684465720348     
  0.16534691602800639     
  0.16534699548103132     
  0.16534708337763535     
  0.16534718009009611     
  0.16534728598222120     
  0.16534740143539020     
  0.16534752684851289     
  0.16534766263330627     
  0.16534780921385384     
  0.16534780921385384     
 
 enthalpy     19.010000000000172     
   554.23225806451615     
   555.27888381950550     
   556.32538821683363     
   557.37178651093643     
   558.41807519407018     
   559.46425068192309     
   560.51031428210320     
   561.55625958123733     
   562.60208236094559     
   563.64777868538681     
   564.69334460740390     
   565.73877612325646     
   566.78406915873506     
   567.82921956322548     
   568.87422310649981     
   569.91907547664198     
   570.96378655978174     
   572.00834149596233     
   573.05273494832556     
   574.09696205054547     
   575.14101800779417     
   575.14101800779417     
 
 density      19.010000000000172     
   46.623174678881654     
   46.567620824135489     
   46.511927669918627     
   46.456096089868922     
   46.400125876104603     
   46.344016829543030     
   46.287768493280900     
   46.231380828215009     
   46.174853683312605     
   46.118186897609732     
   46.061380316019076     
   46.004433791858844     
   45.947347187708417     
   45.890120375840972     
   45.832753238511494     
   45.775245668185832     
   45.717596780833972     
   45.659807057228299     
   45.601876462696339     
   45.543804942995649     
   45.485592446273273     
   45.485592446273273     
 
 velocity     19.010000000000172     
   14.996980504230159     
   15.014871786849140     
   15.032851262357315     
   15.050919151066388     
   15.069076025686311     
   15.087322461563391     
   15.105659123077885     
   15.124086544449190     
   15.142605301961629     
   15.161215980814498     
   15.179919169994394     
   15.198715461483758     
   15.217605450016610     
   15.236589732972559     
   15.255668910317729     
   15.274843584564955     
   15.294114622176176     
   15.313482441159152     
   15.332947637552854     
   15.352510820077496     
   15.372172602814899     
   15.372172602814899     
 
 energy       19.010000000000172     
   544.71123258562466     
   545.74727642718653     
   546.78314471753959     
   547.81885177363415     
   548.85439374030602     
   549.88976668487680     
   550.92497152255476     
   551.96000151274768     
   552.99485208807630     
   554.02951895986610     
   555.06399782655205     
   556.09828432877487     
   557.13237403562164     
   558.16626243875658     
   559.19994494925868     
   560.23341689558629     
   561.26668766971477     
   562.29974214776121     
   563.33257463626137     
   564.36517990700099     
   565.39755280118288     
   565.39833652006655     
 
 pressure     20.010000000000328     
   588.55447690638880     
   560.57751283450511     
   532.24520757456264     
   503.94440660695869     
   475.67519023415531     
   447.43762953291758     
   419.23179565503057     
   391.05775850272300     
   362.91559023523763     
   334.80536235927889     
   306.72714633754214     
   278.68101366516981     
   250.66703587730231     
   222.68528454764217     
   194.73583128465978     
   166.81874772689284     
   138.93410553782297     
   111.08197233672695     
   83.262423241206918     
   55.475530262384687     
   27.721365249065517     
   0.0000000000000000     
 
 flow_rate    20.010000000000328     
  0.16534649999999998     
  0.16534650244081397     
  0.16534650829874223     
  0.16534651777402443     
  0.16534653106600319     
  0.16534654838093885     
  0.16534656992652749     
  0.16534659591857270     
  0.16534662658177315     
  0.16534666214866250     
  0.16534670285952793     
  0.16534674896251905     
  0.16534680071380223     
  0.16534685837772428     
  0.16534692222699107     
  0.16534699254284516     
  0.16534706959933088     
  0.16534715368485098     
  0.16534724510169943     
  0.16534734416213553     
  0.16534745118809543     
  0.16534745118809543     
 
 enthalpy     20.010000000000328     
   554.23225806451615     
   555.27939638322960     
   556.32644424170280     
   557.37341303723031     
   558.42030006272546     
   559.46710254925358     
   560.51382152071164     
   561.56045194211833     
   562.60699057456827     
   563.65343437393403     
   564.69978028033802     
   565.74602518560107     
   566.79216592314856     
   567.83819926360013     
   568.88412191230805     
   569.92993050770565     
   570.97563286243496     
   572.02121715351529     
   573.06667926819387     
   574.11201542144875     
   575.15722187022880     
   575.15722187022880     
 
 density      20.010000000000328     
   46.623174680755362     
   46.567593658392298     
   46.511871553222129     
   46.456009431964574     
   46.400007032130517     
   46.343864098729973     
   46.287580177450373     
   46.231155142405939     
   46.174588776478686     
   46.117880856758937     
   46.061031165891052     
   46.004039493911222     
   45.946905638888317     
   45.889629407262277     
   45.832210614079955     
   45.774649083188258     
   45.716944027926303     
   45.659095745266306     
   45.601104115321398     
   45.542969005798120     
   45.484690287745671     
   45.484690287745671     
 
 velocity     20.010000000000328     
   14.996980503627453     
   15.014880458613865     
   15.032869103055150     
   15.050946592607689     
   15.069113515225983     
   15.087370461927600     
   15.105718093814266     
   15.124156970881238     
   15.142687688464981     
   15.161310849478449     
   15.180027060745578     
   15.198836932440086     
   15.217741077916187     
   15.236740113637742     
   15.255834659141462     
   15.275025337013387     
   15.294312978642804     
   15.313698060659243     
   15.333181204895686     
   15.352763043512583     
   15.372444213763472     
   15.372444213763472     
 
 energy       20.010000000000328     
   544.71123257168676     
   545.74778510791782     
   546.78419268698178     
   547.82046579449514     
   548.85660136402885     
   549.89259626602745     
   550.92845112918269     
   551.96416057336376     
   552.99972099640195     
   554.03512898744964     
   555.07038111806401     
   556.10547390991496     
   557.14040382477879     
   558.17516726017391     
   559.20976054693119     
   560.24417994756789     
   561.27843279304602     
   562.31250695902520     
   563.34639795669352     
   564.38010162046351     
   565.41361382449043     
   565.41439755346278     
 
