 rod_temps    0.0000000000000000     
 Rod ,           1
 radial pos , 0.0    1.0002449840240703E-003   2.2366157784310127E-003   3.6064345779244448E-003   5.0012249201203526E-003   6.4046929005751570E-003   7.8121630623012531E-003   9.2218030983941320E-003   1.0632750028632310E-002   1.2044544577088435E-002   1.3438320209973752E-002   1.3713910761154854E-002   1.5583989501312335E-002
 axial pos ,   0.0000000000000000       0.30003280839895013       0.90009842519685046        1.5001640419947506        2.1002296587926512        2.7002952755905509        3.3003608923884515        3.9004265091863513        4.5004921259842519        5.1005577427821525        5.7006233595800531        6.3006889763779537        6.9007545931758543        7.5008202099737549        8.1008858267716555        8.7009514435695543        9.3010170603674567        9.9010826771653555        10.501148293963258        11.101213910761157        11.701279527559059        12.001312335958009     
Temperature ,  554.000000  554.000000  554.000000  554.000000  554.000000  554.000000  554.000000  554.000000  554.000000  554.000000  554.000000  554.000000 
Temperature ,  554.000000  554.000000  554.000000  554.000000  554.000000  554.000000  554.000000  554.000000  554.000000  554.000000  554.000000  554.000000 
Temperature ,  554.000000  554.000000  554.000000  554.000000  554.000000  554.000000  554.000000  554.000000  554.000000  554.000000  554.000000  554.000000 
Temperature ,  554.000000  554.000000  554.000000  554.000000  554.000000  554.000000  554.000000  554.000000  554.000000  554.000000  554.000000  554.000000 
Temperature ,  554.000000  554.000000  554.000000  554.000000  554.000000  554.000000  554.000000  554.000000  554.000000  554.000000  554.000000  554.000000 
Temperature ,  554.000000  554.000000  554.000000  554.000000  554.000000  554.000000  554.000000  554.000000  554.000000  554.000000  554.000000  554.000000 
Temperature ,  554.000000  554.000000  554.000000  554.000000  554.000000  554.000000  554.000000  554.000000  554.000000  554.000000  554.000000  554.000000 
Temperature ,  554.000000  554.000000  554.000000  554.000000  554.000000  554.000000  554.000000  554.000000  554.000000  554.000000  554.000000  554.000000 
Temperature ,  554.000000  554.000000  554.000000  554.000000  554.000000  554.000000  554.000000  554.000000  554.000000  554.000000  554.000000  554.000000 
Temperature ,  554.000000  554.000000  554.000000  554.000000  554.000000  554.000000  554.000000  554.000000  554.000000  554.000000  554.000000  554.000000 
Temperature ,  554.000000  554.000000  554.000000  554.000000  554.000000  554.000000  554.000000  554.000000  554.000000  554.000000  554.000000  554.000000 
Temperature ,  554.000000  554.000000  554.000000  554.000000  554.000000  554.000000  554.000000  554.000000  554.000000  554.000000  554.000000  554.000000 
Temperature ,  554.000000  554.000000  554.000000  554.000000  554.000000  554.000000  554.000000  554.000000  554.000000  554.000000  554.000000  554.000000 
Temperature ,  554.000000  554.000000  554.000000  554.000000  554.000000  554.000000  554.000000  554.000000  554.000000  554.000000  554.000000  554.000000 
Temperature ,  554.000000  554.000000  554.000000  554.000000  554.000000  554.000000  554.000000  554.000000  554.000000  554.000000  554.000000  554.000000 
Temperature ,  554.000000  554.000000  554.000000  554.000000  554.000000  554.000000  554.000000  554.000000  554.000000  554.000000  554.000000  554.000000 
Temperature ,  554.000000  554.000000  554.000000  554.000000  554.000000  554.000000  554.000000  554.000000  554.000000  554.000000  554.000000  554.000000 
Temperature ,  554.000000  554.000000  554.000000  554.000000  554.000000  554.000000  554.000000  554.000000  554.000000  554.000000  554.000000  554.000000 
Temperature ,  554.000000  554.000000  554.000000  554.000000  554.000000  554.000000  554.000000  554.000000  554.000000  554.000000  554.000000  554.000000 
Temperature ,  554.000000  554.000000  554.000000  554.000000  554.000000  554.000000  554.000000  554.000000  554.000000  554.000000  554.000000  554.000000 
Temperature ,  554.000000  554.000000  554.000000  554.000000  554.000000  554.000000  554.000000  554.000000  554.000000  554.000000  554.000000  554.000000 
Temperature ,  554.000000  554.000000  554.000000  554.000000  554.000000  554.000000  554.000000  554.000000  554.000000  554.000000  554.000000  554.000000 
 
 rod_temps    1.0100000000000007     
 Rod ,           1
 radial pos , 0.0    1.0002449840240703E-003   2.2366157784310127E-003   3.6064345779244448E-003   5.0012249201203526E-003   6.4046929005751570E-003   7.8121630623012531E-003   9.2218030983941320E-003   1.0632750028632310E-002   1.2044544577088435E-002   1.3438320209973752E-002   1.3713910761154854E-002   1.5583989501312335E-002
 axial pos ,   0.0000000000000000       0.30003280839895013       0.90009842519685046        1.5001640419947506        2.1002296587926512        2.7002952755905509        3.3003608923884515        3.9004265091863513        4.5004921259842519        5.1005577427821525        5.7006233595800531        6.3006889763779537        6.9007545931758543        7.5008202099737549        8.1008858267716555        8.7009514435695543        9.3010170603674567        9.9010826771653555        10.501148293963258        11.101213910761157        11.701279527559059        12.001312335958009     
Temperature ,  596.790830  596.649201  596.305488  595.694550  594.702335  593.163228  590.854777  587.494828  582.743577  576.298086  559.478244  556.271412 
Temperature ,  596.793183  596.652124  596.309832  595.701527  594.713797  593.181977  590.884922  587.542132  582.815741  576.404417  559.673773  556.492375 
Temperature ,  596.795037  596.654456  596.313367  595.707326  594.723522  593.198203  590.911502  587.584585  582.881577  576.502884  559.858097  556.701580 
Temperature ,  596.796491  596.656308  596.316233  595.712130  594.731748  593.212206  590.934886  587.622616  582.941565  576.594000  560.031799  556.899626 
Temperature ,  596.797615  596.657760  596.318529  595.716065  594.738634  593.224176  590.955283  587.656433  582.995875  576.677869  560.194804  557.086402 
Temperature ,  596.798473  596.658884  596.320344  595.719249  594.744334  593.234305  590.972910  587.686256  583.044698  576.754613  560.347044  557.261798 
Temperature ,  596.799117  596.659740  596.321760  595.721793  594.748995  593.242779  590.987989  587.712320  583.088247  576.824374  560.488464  557.425712 
Temperature ,  596.799593  596.660383  596.322849  595.723797  594.752758  593.249784  591.000748  587.734875  583.126755  576.887322  560.619031  557.578057 
Temperature ,  596.799939  596.660859  596.323673  595.725354  594.755753  593.255500  591.011414  587.754181  583.160479  576.943653  560.738742  557.718766 
Temperature ,  596.800186  596.661204  596.324287  595.726543  594.758103  593.260100  591.020215  587.770513  583.189703  576.993602  560.847633  557.847807 
Temperature ,  596.800359  596.661450  596.324736  595.727437  594.759917  593.263746  591.027377  587.784151  583.214733  577.037436  560.945799  557.965192 
Temperature ,  596.800478  596.661622  596.325059  595.728098  594.761294  593.266590  591.033118  587.795380  583.235897  577.075469  561.033401  558.070997 
Temperature ,  596.800557  596.661740  596.325286  595.728577  594.762320  593.268770  591.037644  587.804486  583.253544  577.108052  561.110691  558.165378 
Temperature ,  596.800610  596.661819  596.325443  595.728917  594.763071  593.270411  591.041152  587.811751  583.268035  577.135581  561.178017  558.248590 
Temperature ,  596.800643  596.661870  596.325548  595.729153  594.763608  593.271623  591.043819  587.817444  583.279739  577.158486  561.235837  558.320999 
Temperature ,  596.800664  596.661903  596.325617  595.729313  594.763984  593.272497  591.045808  587.821822  583.289024  577.177228  561.284722  558.383100 
Temperature ,  596.800676  596.661922  596.325661  595.729418  594.764241  593.273115  591.047258  587.825120  583.296248  577.192289  561.325347  558.435509 
Temperature ,  596.800682  596.661934  596.325688  595.729485  594.764411  593.273540  591.048290  587.827551  583.301754  577.204157  561.358481  558.478967 
Temperature ,  596.800685  596.661940  596.325703  595.729526  594.764520  593.273823  591.049006  587.829298  583.305856  577.213312  561.384962  558.514318 
Temperature ,  596.800686  596.661942  596.325711  595.729549  594.764586  593.274005  591.049488  587.830522  583.308839  577.220216  561.405667  558.542482 
Temperature ,  596.800686  596.661943  596.325714  595.729561  594.764624  593.274117  591.049801  587.831354  583.310950  577.225293  561.421478  558.564421 
Temperature ,  596.800686  596.661943  596.325714  595.729561  594.764624  593.274118  591.049802  587.831355  583.310952  577.225295  561.421482  558.564426 
 
 rod_temps    2.0100000000000011     
 Rod ,           1
 radial pos , 0.0    1.0002449840240703E-003   2.2366157784310127E-003   3.6064345779244448E-003   5.0012249201203526E-003   6.4046929005751570E-003   7.8121630623012531E-003   9.2218030983941320E-003   1.0632750028632310E-002   1.2044544577088435E-002   1.3438320209973752E-002   1.3713910761154854E-002   1.5583989501312335E-002
 axial pos ,   0.0000000000000000       0.30003280839895013       0.90009842519685046        1.5001640419947506        2.1002296587926512        2.7002952755905509        3.3003608923884515        3.9004265091863513        4.5004921259842519        5.1005577427821525        5.7006233595800531        6.3006889763779537        6.9007545931758543        7.5008202099737549        8.1008858267716555        8.7009514435695543        9.3010170603674567        9.9010826771653555        10.501148293963258        11.101213910761157        11.701279527559059        12.001312335958009     
Temperature ,  632.290827  631.698989  630.351429  628.193001  625.106521  620.931622  615.471230  608.497186  599.756746  589.122153  562.851633  557.699094 
Temperature ,  632.330449  631.741572  630.400738  628.253034  625.181779  621.027256  615.593129  608.651996  599.951815  589.364769  563.209398  558.085177 
Temperature ,  632.366899  631.780858  630.446477  628.309092  625.252541  621.117784  615.709249  608.800332  600.139738  589.599644  563.558226  558.462154 
Temperature ,  632.400476  631.817152  630.488965  628.361515  625.319175  621.203601  615.820022  608.942663  600.321022  589.827321  563.898744  558.830669 
Temperature ,  632.431313  631.850587  630.528332  628.410425  625.381793  621.284809  615.925530  609.079049  600.495698  590.047805  564.230893  559.190651 
Temperature ,  632.459547  631.881297  630.564709  628.455950  625.440512  621.361512  616.025858  609.209552  600.663805  590.261102  564.554614  559.542028 
Temperature ,  632.485313  631.909417  630.598227  628.498216  625.495453  621.433815  616.121096  609.334240  600.825379  590.467223  564.869849  559.884728 
Temperature ,  632.508745  631.935080  630.629021  628.537352  625.546737  621.501830  616.211337  609.453181  600.980465  590.666179  565.176541  560.218680 
Temperature ,  632.529977  631.958422  630.657222  628.573488  625.594487  621.565670  616.296678  609.566451  601.129109  590.857986  565.474633  560.543816 
Temperature ,  632.549143  631.979574  630.682964  628.606757  625.638831  621.625451  616.377218  609.674128  601.271361  591.042661  565.764071  560.860064 
Temperature ,  632.566374  631.998671  630.706380  628.637289  625.679897  621.681292  616.453064  609.776295  601.407275  591.220226  566.044801  561.167356 
Temperature ,  632.581801  632.015842  630.727602  628.665219  625.717815  621.733317  616.524323  609.873038  601.536910  591.390707  566.316768  561.465624 
Temperature ,  632.595552  632.031217  630.746763  628.690679  625.752718  621.781652  616.591109  609.964449  601.660328  591.554130  566.579921  561.754799 
Temperature ,  632.607751  632.044923  630.763991  628.713802  625.784738  621.826426  616.653537  610.050618  601.777560  591.710363  566.833326  562.033182 
Temperature ,  632.618522  632.057085  630.779417  628.734722  625.814009  621.867759  616.711691  610.131530  601.888371  591.858802  567.075766  562.300292 
Temperature ,  632.627981  632.067822  630.793165  628.753565  625.840654  621.905758  616.765642  610.207223  601.992859  591.999897  567.308966  562.558058 
Temperature ,  632.636242  632.077252  630.805355  628.770458  625.864802  621.940553  616.815527  610.277868  602.091270  592.133960  567.533207  562.806590 
Temperature ,  632.643415  632.085486  630.816108  628.785530  625.886591  621.972293  616.861511  610.343646  602.183789  592.261148  567.748510  563.045855 
Temperature ,  632.649606  632.092635  630.825542  628.798910  625.906165  622.001135  616.903760  610.404724  602.270569  592.381571  567.954857  563.275801 
Temperature ,  632.654913  632.098803  630.833771  628.810728  625.923670  622.027239  616.942441  610.461265  602.351748  592.495321  568.152223  563.496374 
Temperature ,  632.659433  632.104092  630.840909  628.821110  625.939248  622.050761  616.977717  610.513426  602.427459  592.602488  568.340581  563.707521 
Temperature ,  632.659434  632.104093  630.840910  628.821112  625.939249  622.050763  616.977720  610.513429  602.427463  592.602493  568.340588  563.707529 
 
 rod_temps    3.0099999999999798     
 Rod ,           1
 radial pos , 0.0    1.0002449840240703E-003   2.2366157784310127E-003   3.6064345779244448E-003   5.0012249201203526E-003   6.4046929005751570E-003   7.8121630623012531E-003   9.2218030983941320E-003   1.0632750028632310E-002   1.2044544577088435E-002   1.3438320209973752E-002   1.3713910761154854E-002   1.5583989501312335E-002
 axial pos ,   0.0000000000000000       0.30003280839895013       0.90009842519685046        1.5001640419947506        2.1002296587926512        2.7002952755905509        3.3003608923884515        3.9004265091863513        4.5004921259842519        5.1005577427821525        5.7006233595800531        6.3006889763779537        6.9007545931758543        7.5008202099737549        8.1008858267716555        8.7009514435695543        9.3010170603674567        9.9010826771653555        10.501148293963258        11.101213910761157        11.701279527559059        12.001312335958009     
Temperature ,  658.580746  657.584417  655.348690  651.856640  647.025551  640.737270  632.846800  623.188048  611.579325  598.010161  565.180941  558.683815 
Temperature ,  658.699218  657.707253  655.481258  652.004244  647.193631  640.931465  633.072951  623.452160  611.887496  598.367800  565.655318  559.185433 
Temperature ,  658.812525  657.824856  655.608450  652.146265  647.355875  641.119540  633.292691  623.709590  612.188757  598.718374  566.122394  559.679760 
Temperature ,  658.921071  657.937636  655.730686  652.283136  647.512729  641.301960  633.506508  623.960847  612.483639  599.062434  566.582761  560.167394 
Temperature ,  659.024943  658.045678  655.848043  652.414926  647.664254  641.478776  633.714435  624.205949  612.772141  599.399963  567.036361  560.648270 
Temperature ,  659.124232  658.149068  655.960604  652.541711  647.810515  641.650036  633.916509  624.444913  613.054267  599.730944  567.483140  561.122325 
Temperature ,  659.219028  658.247897  656.068453  652.663566  647.951576  641.815793  634.112766  624.677762  613.330018  600.055362  567.923041  561.589494 
Temperature ,  659.309427  658.342256  656.171676  652.780570  648.087505  641.976102  634.303246  624.904517  613.599398  600.373204  568.356010  562.049716 
Temperature ,  659.395524  658.432239  656.270363  652.892803  648.218372  642.131021  634.487991  625.125204  613.862416  600.684456  568.781993  562.502928 
Temperature ,  659.477418  658.517942  656.364603  653.000348  648.344249  642.280607  634.667045  625.339849  614.119078  600.989108  569.200926  562.949019 
Temperature ,  659.555206  658.599459  656.454483  653.103273  648.465171  642.424827  634.840232  625.547994  614.368381  601.285183  569.607923  563.382091 
Temperature ,  659.628951  658.676837  656.540013  653.201524  648.580982  642.563387  635.007114  625.749144  614.610066  601.573289  570.006808  563.807497 
Temperature ,  659.698686  658.750105  656.621213  653.295123  648.691732  642.696427  635.168007  625.943878  614.845007  601.854467  570.398526  564.225753 
Temperature ,  659.764509  658.819365  656.698200  653.384210  648.797602  642.824171  635.323178  626.132490  615.073483  602.128928  570.783091  564.636828 
Temperature ,  659.826551  658.884753  656.771117  653.468939  648.898753  642.946790  635.472799  626.315135  615.295622  602.396757  571.160480  565.040673 
Temperature ,  659.884951  658.946407  656.840103  653.549450  648.995326  643.064419  635.616991  626.491919  615.511499  602.657996  571.530658  565.437236 
Temperature ,  659.939844  659.004464  656.905294  653.625873  649.087444  643.177171  635.755854  626.662921  615.721171  602.912673  571.893583  565.826463 
Temperature ,  659.991363  659.059054  656.966815  653.698332  649.175223  643.285149  635.889476  626.828207  615.924681  603.160806  572.249216  566.208303 
Temperature ,  660.039635  659.110302  657.024792  653.766944  649.258771  643.388451  636.017937  626.987840  616.122068  603.402409  572.597515  566.582701 
Temperature ,  660.084785  659.158333  657.079342  653.831822  649.338193  643.487169  636.141315  627.141879  616.313368  603.637495  572.938438  566.949607 
Temperature ,  660.126936  659.203268  657.130585  653.893080  649.413594  643.581397  636.259688  627.290381  616.498618  603.866075  573.271944  567.308966 
Temperature ,  660.126939  659.203271  657.130588  653.893083  649.413597  643.581401  636.259693  627.290386  616.498625  603.866082  573.271954  567.308977 
 
 rod_temps    4.0099999999999589     
 Rod ,           1
 radial pos , 0.0    1.0002449840240703E-003   2.2366157784310127E-003   3.6064345779244448E-003   5.0012249201203526E-003   6.4046929005751570E-003   7.8121630623012531E-003   9.2218030983941320E-003   1.0632750028632310E-002   1.2044544577088435E-002   1.3438320209973752E-002   1.3713910761154854E-002   1.5583989501312335E-002
 axial pos ,   0.0000000000000000       0.30003280839895013       0.90009842519685046        1.5001640419947506        2.1002296587926512        2.7002952755905509        3.3003608923884515        3.9004265091863513        4.5004921259842519        5.1005577427821525        5.7006233595800531        6.3006889763779537        6.9007545931758543        7.5008202099737549        8.1008858267716555        8.7009514435695543        9.3010170603674567        9.9010826771653555        10.501148293963258        11.101213910761157        11.701279527559059        12.001312335958009     
Temperature ,  677.529150  676.231686  673.336336  668.858006  662.743846  654.911250  645.257065  633.662661  619.998251  604.336152  566.837633  559.384038 
Temperature ,  677.743952  676.451219  673.566355  669.104041  663.011359  655.205644  645.583658  634.026630  620.404560  604.788838  567.398319  559.969222 
Temperature ,  677.952702  676.664678  673.790254  669.343893  663.272619  655.493720  645.903885  634.384221  620.804526  605.235279  567.953069  560.548581 
Temperature ,  678.155868  676.872533  674.008507  669.578043  663.528115  655.775975  646.218255  634.735948  621.198670  605.676002  568.502412  561.122641 
Temperature ,  678.353493  677.074826  674.221152  669.806523  663.777871  656.052426  646.526771  635.081806  621.586976  606.110976  569.046291  561.691340 
Temperature ,  678.545623  677.271600  674.428229  670.029366  664.021913  656.323088  646.829441  635.421789  621.969426  606.540172  569.584652  562.254620 
Temperature ,  678.732305  677.462900  674.629778  670.246608  664.260270  656.587980  647.126272  635.755894  622.346003  606.963564  570.117441  562.812420 
Temperature ,  678.913588  677.648774  674.825843  670.458286  664.492969  656.847122  647.417272  636.084118  622.716695  607.381123  570.644604  563.364681 
Temperature ,  679.089522  677.829269  675.016468  670.664435  664.720030  657.100503  647.702373  636.406272  623.081064  607.791952  571.163801  563.908476 
Temperature ,  679.260003  678.004249  675.201431  670.864686  664.940857  657.347191  647.980188  636.720418  623.436632  608.193241  571.672096  564.441374 
Temperature ,  679.424724  678.173397  675.380413  671.058748  665.155250  657.587205  648.251142  637.027624  623.785331  608.587907  572.174503  564.968590 
Temperature ,  679.583817  678.336877  675.553641  671.246938  665.363641  657.821095  648.515879  637.328569  624.127796  608.976444  572.671119  565.490131 
Temperature ,  679.737508  678.494918  675.721355  671.429510  665.566295  658.049127  648.774654  637.623484  624.464213  609.358983  573.161934  566.005956 
Temperature ,  679.885975  678.647700  675.883732  671.606638  665.763376  658.271454  649.027604  637.912481  624.794664  609.735570  573.646915  566.516018 
Temperature ,  680.029355  678.795357  676.040904  671.778445  665.955000  658.488179  649.274813  638.195623  625.119190  610.106222  574.126023  567.020265 
Temperature ,  680.167763  678.938001  676.192977  671.945032  666.141256  658.699376  649.516341  638.472954  625.437814  610.470940  574.599216  567.518645 
Temperature ,  680.301297  679.075729  676.340043  672.106481  666.322218  658.905109  649.752236  638.744503  625.750549  610.829721  575.066448  568.011106 
Temperature ,  680.430049  679.208629  676.482186  672.262871  666.497952  659.105432  649.982539  639.010298  626.057405  611.182557  575.527674  568.497594 
Temperature ,  680.554103  679.336786  676.619485  672.414272  666.668522  659.300396  650.207288  639.270362  626.358389  611.529440  575.982849  568.978058 
Temperature ,  680.673542  679.460279  676.752015  672.560754  666.833987  659.490049  650.426519  639.524715  626.653507  611.870358  576.431928  569.452444 
Temperature ,  680.788449  679.579188  676.879853  672.702384  666.994406  659.674441  650.640266  639.773379  626.942765  612.205302  576.874865  569.920702 
Temperature ,  680.788454  679.579193  676.879857  672.702390  666.994412  659.674447  650.640273  639.773387  626.942774  612.205312  576.874878  569.920715 
 
 rod_temps    5.0099999999999376     
 Rod ,           1
 radial pos , 0.0    1.0002449840240703E-003   2.2366157784310127E-003   3.6064345779244448E-003   5.0012249201203526E-003   6.4046929005751570E-003   7.8121630623012531E-003   9.2218030983941320E-003   1.0632750028632310E-002   1.2044544577088435E-002   1.3438320209973752E-002   1.3713910761154854E-002   1.5583989501312335E-002
 axial pos ,   0.0000000000000000       0.30003280839895013       0.90009842519685046        1.5001640419947506        2.1002296587926512        2.7002952755905509        3.3003608923884515        3.9004265091863513        4.5004921259842519        5.1005577427821525        5.7006233595800531        6.3006889763779537        6.9007545931758543        7.5008202099737549        8.1008858267716555        8.7009514435695543        9.3010170603674567        9.9010826771653555        10.501148293963258        11.101213910761157        11.701279527559059        12.001312335958009     
Temperature ,  691.116973  689.602269  686.231277  681.042301  674.004595  665.061729  654.141142  641.158604  626.021639  608.861696  568.022651  559.884881 
Temperature ,  691.429129  689.918956  686.557975  681.384206  674.366733  665.448949  654.558065  641.609573  626.510645  609.391759  568.647550  560.530908 
Temperature ,  691.735085  690.229449  686.878492  681.719954  674.722758  665.830120  654.969038  642.054729  626.994025  609.916436  569.267671  561.172319 
Temperature ,  692.035336  690.534242  687.193324  682.050043  675.073166  666.205741  655.374557  642.494566  627.472266  610.436206  569.883466  561.809558 
Temperature ,  692.329894  690.833347  687.502480  682.374479  675.417958  666.575806  655.774610  642.929063  627.945341  610.951033  570.494883  562.442571 
Temperature ,  692.618773  691.126776  687.805968  682.693265  675.757134  666.940309  656.169183  643.358201  628.413222  611.460882  571.101870  563.071303 
Temperature ,  692.901988  691.414543  688.103801  683.006410  676.090696  667.299246  656.558265  643.781960  628.875882  611.965718  571.704378  563.695700 
Temperature ,  693.179555  691.696664  688.395991  683.313922  676.418647  667.652609  656.941834  644.200286  629.333193  612.465251  572.301546  564.314615 
Temperature ,  693.451090  691.972698  688.681970  683.615018  676.739880  667.998833  657.317699  644.610181  629.781192  612.954513  572.886373  564.920922 
Temperature ,  693.715756  692.241820  688.960949  683.909001  677.053888  668.337762  657.686282  645.012947  630.222397  613.437512  573.466322  565.522689 
Temperature ,  693.974048  692.504570  689.233562  684.196636  677.361589  668.670457  658.048751  645.409770  630.657893  613.915099  574.041600  566.119975 
Temperature ,  694.226375  692.761356  689.500218  684.478329  677.663378  668.997292  658.405443  645.800942  631.087913  614.387439  574.612210  566.712747 
Temperature ,  694.472962  693.012401  689.761131  684.754283  677.959442  669.318435  658.756504  646.186578  631.512540  614.854579  575.178122  567.300961 
Temperature ,  694.713942  693.257836  690.016427  685.024614  678.249885  669.633975  659.102005  646.566732  631.931804  615.316530  575.739298  567.884568 
Temperature ,  694.949407  693.497749  690.266190  685.289399  678.534776  669.943969  659.441988  646.941430  632.345717  615.773285  576.295696  568.463520 
Temperature ,  695.179426  693.732207  690.510481  685.548695  678.814160  670.248453  659.776478  647.310684  632.754278  616.224830  576.847270  569.037766 
Temperature ,  695.404055  693.961266  690.749353  685.802545  679.088076  670.547456  660.105494  647.674500  633.157481  616.671147  577.393976  569.607253 
Temperature ,  695.623343  694.184972  690.982849  686.050988  679.356556  670.840999  660.429048  648.032881  633.555316  617.112215  577.935767  570.171933 
Temperature ,  695.837337  694.403371  691.211011  686.294061  679.619626  671.129104  660.747150  648.385828  633.947773  617.548012  578.472599  570.731754 
Temperature ,  696.046081  694.616505  691.433876  686.531797  679.877316  671.411789  661.059811  648.733339  634.334842  617.978518  579.004425  571.286666 
Temperature ,  696.249618  694.824416  691.651484  686.764229  680.129649  671.689068  661.367021  649.075352  634.716314  618.403154  579.529263  571.833870 
Temperature ,  696.249625  694.824423  691.651491  686.764236  680.129657  671.689077  661.367031  649.075362  634.716325  618.403165  579.529278  571.833885 
 
 rod_temps    6.0099999999999163     
 Rod ,           1
 radial pos , 0.0    1.0002449840240703E-003   2.2366157784310127E-003   3.6064345779244448E-003   5.0012249201203526E-003   6.4046929005751570E-003   7.8121630623012531E-003   9.2218030983941320E-003   1.0632750028632310E-002   1.2044544577088435E-002   1.3438320209973752E-002   1.3713910761154854E-002   1.5583989501312335E-002
 axial pos ,   0.0000000000000000       0.30003280839895013       0.90009842519685046        1.5001640419947506        2.1002296587926512        2.7002952755905509        3.3003608923884515        3.9004265091863513        4.5004921259842519        5.1005577427821525        5.7006233595800531        6.3006889763779537        6.9007545931758543        7.5008202099737549        8.1008858267716555        8.7009514435695543        9.3010170603674567        9.9010826771653555        10.501148293963258        11.101213910761157        11.701279527559059        12.001312335958009     
Temperature ,  700.851403  699.180891  695.468787  689.770240  682.070427  672.331769  660.503696  646.526677  630.334974  612.102367  568.871202  560.243515 
Temperature ,  701.253511  699.587062  695.883916  690.198931  682.517081  672.800557  660.998514  647.051091  630.892158  612.694581  569.543879  560.933894 
Temperature ,  701.649712  699.987345  696.293205  690.621857  682.958074  673.263823  661.487986  647.570376  631.444478  613.282237  570.212743  561.620642 
Temperature ,  702.040496  700.382233  696.697144  691.039504  683.393888  673.722042  661.972579  648.084987  631.992372  613.865758  570.878174  562.304129 
Temperature ,  702.425855  700.771715  697.095720  691.451858  683.824507  674.175193  662.452267  648.594897  632.535809  614.445109  571.540124  562.984305 
Temperature ,  702.805782  701.155783  697.488925  691.858908  684.249915  674.623258  662.927027  649.100076  633.074755  615.020250  572.198548  563.661123 
Temperature ,  703.180271  701.534430  697.876750  692.260641  684.670097  675.066218  663.396837  649.600496  633.609178  615.591146  572.853399  564.334535 
Temperature ,  703.549148  701.907457  698.258932  692.656688  685.084517  675.503291  663.860566  650.094548  634.136818  616.154698  573.499452  564.998738 
Temperature ,  703.910531  702.272929  698.633423  693.044851  685.490819  675.931998  664.315700  650.579838  634.655644  616.709555  574.137331  565.655020 
Temperature ,  704.265018  702.631530  699.001108  693.426311  685.890570  676.354361  664.764757  651.059386  635.169132  617.259535  574.771427  566.307774 
Temperature ,  704.613451  702.984102  699.362819  693.801884  686.284555  676.771115  665.208406  651.533769  635.677747  617.804979  575.401793  566.956992 
Temperature ,  704.956163  703.330974  699.718872  694.171869  686.673049  677.182507  665.646858  652.003161  636.181618  618.345971  576.028415  567.602640 
Temperature ,  705.293311  703.672296  700.069413  694.536400  687.056172  677.588642  666.080198  652.467623  636.680786  618.882530  576.651260  568.244676 
Temperature ,  705.624977  704.008150  700.414518  694.895546  687.433985  677.989567  666.508461  652.927180  637.175261  619.414650  577.270289  568.883053 
Temperature ,  705.951210  704.338585  700.754231  695.249347  687.806519  678.385307  666.931663  653.381835  637.665035  619.942313  577.885463  569.517728 
Temperature ,  706.272046  704.663632  701.088582  695.597827  688.173795  678.775873  667.349807  653.831583  638.150094  620.465497  578.496739  570.148653 
Temperature ,  706.587508  704.983315  701.417591  695.941002  688.535822  679.161271  667.762891  654.276414  638.630420  620.984176  579.104072  570.775783 
Temperature ,  706.897616  705.297653  701.741275  696.278886  688.892609  679.541502  668.170910  654.716316  639.105994  621.498322  579.707422  571.399070 
Temperature ,  707.202388  705.606661  702.059648  696.611488  689.244160  679.916566  668.573857  655.151275  639.576794  622.007907  580.306742  572.018469 
Temperature ,  707.501814  705.910321  702.372660  696.938704  689.590265  680.286060  668.970996  655.579995  640.040623  622.509372  580.894727  572.625474 
Temperature ,  707.795523  706.208213  702.679790  697.259857  689.930063  680.648952  669.361228  656.001570  640.497260  623.003955  581.477160  573.227628 
Temperature ,  707.795532  706.208222  702.679799  697.259866  689.930073  680.648963  669.361239  656.001581  640.497273  623.003969  581.477176  573.227644 
 
 rod_temps    7.0099999999998950     
 Rod ,           1
 radial pos , 0.0    1.0002449840240703E-003   2.2366157784310127E-003   3.6064345779244448E-003   5.0012249201203526E-003   6.4046929005751570E-003   7.8121630623012531E-003   9.2218030983941320E-003   1.0632750028632310E-002   1.2044544577088435E-002   1.3438320209973752E-002   1.3713910761154854E-002   1.5583989501312335E-002
 axial pos ,   0.0000000000000000       0.30003280839895013       0.90009842519685046        1.5001640419947506        2.1002296587926512        2.7002952755905509        3.3003608923884515        3.9004265091863513        4.5004921259842519        5.1005577427821525        5.7006233595800531        6.3006889763779537        6.9007545931758543        7.5008202099737549        8.1008858267716555        8.7009514435695543        9.3010170603674567        9.9010826771653555        10.501148293963258        11.101213910761157        11.701279527559059        12.001312335958009     
Temperature ,  707.823962  706.041824  702.085341  696.021737  687.847608  677.538889  665.060773  650.371427  633.424267  614.423391  569.478945  560.500373 
Temperature ,  708.304973  706.526330  702.577544  696.525567  688.366790  678.076914  665.620851  650.956438  634.036713  615.064957  570.187136  561.223085 
Temperature ,  708.780607  707.005487  703.064463  697.024212  688.880922  678.610060  666.176260  651.537031  634.645033  615.702727  570.892308  561.942962 
Temperature ,  709.251330  707.479760  703.546558  697.518127  689.390451  679.138764  666.727425  652.113615  635.249615  616.337065  571.594774  562.660303 
Temperature ,  709.717119  707.949128  704.023806  698.007287  689.895350  679.662999  667.274316  652.686156  635.850426  616.967936  572.294493  563.375067 
Temperature ,  710.177957  708.413568  704.496187  698.491670  690.395595  680.182736  667.816902  653.254623  636.447429  617.595302  572.991424  564.087213 
Temperature ,  710.633821  708.873062  704.963678  698.971252  690.891160  680.697949  668.355154  653.818983  637.040592  618.219127  573.685527  564.796699 
Temperature ,  711.083457  709.326278  705.424780  699.444269  691.379910  681.206011  668.885823  654.375218  637.624965  618.833378  574.368149  565.494233 
Temperature ,  711.524974  709.771379  705.877780  699.909214  691.860655  681.706194  669.408819  654.924095  638.202433  619.441330  575.046033  566.187459 
Temperature ,  711.960366  710.210395  706.324787  700.368308  692.335741  682.200958  669.926687  655.468184  638.775499  620.045306  575.720934  566.877928 
Temperature ,  712.390303  710.643989  706.766441  700.822158  692.805728  682.690809  670.439868  656.007851  639.344450  620.645510  576.392873  567.565623 
Temperature ,  712.815017  711.072386  707.202960  701.270966  693.270802  683.175908  670.948497  656.543205  639.909365  621.241992  577.061830  568.250513 
Temperature ,  713.234605  711.495683  707.634434  701.714815  693.731033  683.656317  671.452621  657.074278  640.470261  621.834752  577.727775  568.932558 
Temperature ,  713.649112  711.913922  708.060902  702.153739  694.186452  684.132057  671.952255  657.601073  641.027133  622.423776  578.390671  569.611720 
Temperature ,  714.058560  712.327124  708.482383  702.587754  694.637068  684.603132  672.447394  658.123583  641.579964  623.009041  579.050482  570.287957 
Temperature ,  714.462958  712.735297  708.898883  703.016863  695.082881  685.069537  672.938030  658.641790  642.128732  623.590520  579.707167  570.961230 
Temperature ,  714.862309  713.138444  709.310403  703.441062  695.523884  685.531262  673.424148  659.155676  642.673415  624.168184  580.360688  571.631495 
Temperature ,  715.256613  713.536564  709.716939  703.860348  695.960069  685.988294  673.905731  659.665220  643.213985  624.742003  581.011006  572.298713 
Temperature ,  715.645756  713.929516  710.118289  704.274402  696.390927  686.439821  674.381499  660.168449  643.747474  625.307642  581.650216  572.953950 
Temperature ,  716.028758  714.316271  710.513320  704.681959  696.815076  686.884419  674.850162  660.664512  644.273946  625.866728  582.284404  573.604779 
Temperature ,  716.405484  714.696761  710.902114  705.083338  697.233144  687.323093  675.313131  661.155189  644.795427  626.421289  582.915180  574.252451 
Temperature ,  716.405495  714.696772  710.902125  705.083349  697.233156  687.323105  675.313144  661.155203  644.795441  626.421304  582.915197  574.252468 
 
 rod_temps    8.0099999999998737     
 Rod ,           1
 radial pos , 0.0    1.0002449840240703E-003   2.2366157784310127E-003   3.6064345779244448E-003   5.0012249201203526E-003   6.4046929005751570E-003   7.8121630623012531E-003   9.2218030983941320E-003   1.0632750028632310E-002   1.2044544577088435E-002   1.3438320209973752E-002   1.3713910761154854E-002   1.5583989501312335E-002
 axial pos ,   0.0000000000000000       0.30003280839895013       0.90009842519685046        1.5001640419947506        2.1002296587926512        2.7002952755905509        3.3003608923884515        3.9004265091863513        4.5004921259842519        5.1005577427821525        5.7006233595800531        6.3006889763779537        6.9007545931758543        7.5008202099737549        8.1008858267716555        8.7009514435695543        9.3010170603674567        9.9010826771653555        10.501148293963258        11.101213910761157        11.701279527559059        12.001312335958009     
Temperature ,  712.818082  710.955988  706.824461  700.499374  691.985507  681.268472  668.324758  653.125204  635.636949  616.085805  569.914236  560.684345 
Temperature ,  713.365980  711.506810  707.381714  701.066327  692.565238  681.863843  668.938367  653.759351  636.293589  616.766193  570.648793  561.430625 
Temperature ,  713.909140  712.052923  707.934328  701.628749  693.140583  682.455007  669.547989  654.389765  636.946785  617.443458  571.380977  562.174704 
Temperature ,  714.447985  712.594752  708.482724  702.187052  693.711943  683.042355  670.153996  655.016800  637.596871  618.117911  572.111042  562.916823 
Temperature ,  714.982488  713.132268  709.026872  702.741207  694.279288  683.625856  670.756358  655.640425  638.243815  618.789516  572.838952  563.656947 
Temperature ,  715.512623  713.665444  709.566744  703.291184  694.842587  684.205478  671.355041  656.260605  638.887582  619.458240  573.564673  564.395040 
Temperature ,  716.038360  714.194252  710.102312  703.836953  695.401809  684.781182  671.949996  656.877265  639.528043  620.123856  574.287677  565.130456 
Temperature ,  716.556568  714.715458  710.630117  704.374713  695.952685  685.348117  672.535670  657.484062  640.158010  620.778345  574.998203  565.853178 
Temperature ,  717.067277  715.229216  711.150590  704.905323  696.496672  685.908506  673.115238  658.085288  640.783037  621.428603  575.706145  566.573676 
Temperature ,  717.572734  715.737764  711.665944  705.430954  697.035865  686.464333  673.690516  658.682539  641.404443  622.075624  576.411742  567.292029 
Temperature ,  718.073419  716.241573  712.176633  705.952032  697.570655  687.015944  674.261805  659.276064  642.022421  622.719544  577.115002  568.008219 
Temperature ,  718.569485  716.740793  712.682799  706.468690  698.101162  687.563445  674.829191  659.865929  642.637016  623.360388  577.815903  568.722217 
Temperature ,  719.060990  717.235480  713.184495  706.980974  698.627426  688.106868  675.392698  660.452147  643.248232  623.998149  578.514419  569.433989 
Temperature ,  719.547951  717.725651  713.681736  707.488897  699.149455  688.646216  675.952323  661.034711  643.856054  624.632807  579.210515  570.143502 
Temperature ,  720.030372  718.211308  714.174524  707.992458  699.667246  689.181481  676.508054  661.613604  644.460463  625.264339  579.904160  570.850720 
Temperature ,  720.508246  718.692445  714.662849  708.491645  700.180784  689.712647  677.059873  662.188804  645.061432  625.892715  580.595318  571.555608 
Temperature ,  720.981563  719.169050  715.146699  708.986446  700.690054  690.239695  677.607758  662.760287  645.658936  626.517906  581.283955  572.258130 
Temperature ,  721.450260  719.641048  715.625966  709.476690  701.194783  690.762183  678.150997  663.326931  646.251245  627.137335  581.965250  572.952803 
Temperature ,  721.912835  720.106853  716.098885  709.960351  701.692624  691.277428  678.686619  663.885618  646.835360  627.748527  582.638534  573.639716 
Temperature ,  722.368923  720.566196  716.565400  710.437713  702.184327  691.786768  679.216652  664.439120  647.414786  628.355595  583.309023  574.324129 
Temperature ,  722.819340  721.019906  717.026368  710.909659  702.670793  692.291096  679.741949  664.988210  647.990167  628.959023  583.976816  575.006059 
Temperature ,  722.819352  721.019918  717.026381  710.909672  702.670806  692.291110  679.741963  664.988224  647.990183  628.959039  583.976833  575.006076 
 
 rod_temps    9.0099999999998523     
 Rod ,           1
 radial pos , 0.0    1.0002449840240703E-003   2.2366157784310127E-003   3.6064345779244448E-003   5.0012249201203526E-003   6.4046929005751570E-003   7.8121630623012531E-003   9.2218030983941320E-003   1.0632750028632310E-002   1.2044544577088435E-002   1.3438320209973752E-002   1.3713910761154854E-002   1.5583989501312335E-002
 axial pos ,   0.0000000000000000       0.30003280839895013       0.90009842519685046        1.5001640419947506        2.1002296587926512        2.7002952755905509        3.3003608923884515        3.9004265091863513        4.5004921259842519        5.1005577427821525        5.7006233595800531        6.3006889763779537        6.9007545931758543        7.5008202099737549        8.1008858267716555        8.7009514435695543        9.3010170603674567        9.9010826771653555        10.501148293963258        11.101213910761157        11.701279527559059        12.001312335958009     
Temperature ,  716.395114  714.475752  710.218848  703.706475  694.949268  683.939777  670.662577  655.097588  637.221776  617.276503  570.226012  560.816115 
Temperature ,  716.998360  715.081392  710.829753  704.325311  695.578536  684.581783  671.319400  655.771042  637.913378  617.987190  570.980122  561.579569 
Temperature ,  717.597526  715.682983  711.436679  704.940274  696.204070  685.220231  671.972873  656.441388  638.602143  618.695334  571.732378  562.341325 
Temperature ,  718.192991  716.280903  712.039997  705.551726  696.826225  685.855460  672.623320  657.108929  639.288354  619.401197  572.482984  563.101573 
Temperature ,  718.784726  716.875121  712.639677  706.159638  697.444967  686.487440  673.270710  657.773635  639.971980  620.104746  573.231909  563.860284 
Temperature ,  719.372698  717.465605  713.235687  706.763976  698.060267  687.116137  673.915010  658.435473  640.652988  620.805951  573.979125  564.617429 
Temperature ,  719.956792  718.052228  713.827874  707.364545  698.671860  687.741195  674.555730  659.093776  641.330477  621.503614  574.722688  565.370867 
Temperature ,  720.531925  718.629834  714.410920  707.955793  699.273906  688.356445  675.186368  659.741726  641.997373  622.190499  575.455152  566.113191 
Temperature ,  721.100822  719.201267  714.987933  708.541219  699.870412  688.966506  675.812231  660.385372  642.660483  622.874150  576.185643  566.853813 
Temperature ,  721.665297  719.768316  715.560646  709.122473  700.462916  689.572773  676.434546  661.025751  643.320641  623.555187  576.914299  567.592776 
Temperature ,  722.225684  720.331309  716.129374  709.699849  701.051685  690.175485  677.053517  661.663031  643.977974  624.233697  577.641122  568.330060 
Temperature ,  722.782082  720.890342  716.694208  710.273433  701.636796  690.774706  677.669198  662.297252  644.632508  624.909693  578.366091  569.065641 
Temperature ,  723.334520  721.445445  717.255176  710.843247  702.218268  691.370449  678.281595  662.928414  645.284238  625.583163  579.089181  569.799490 
Temperature ,  723.883001  721.996619  717.812276  711.409290  702.796096  691.962709  678.890699  663.556504  645.933146  626.254085  579.810364  570.531578 
Temperature ,  724.427515  722.543853  718.365499  711.971549  703.370266  692.551468  679.496491  664.181500  646.579208  626.922434  580.529611  571.261875 
Temperature ,  724.968046  723.087133  718.914828  712.530007  703.940759  693.136706  680.098949  664.803379  647.222401  627.588184  581.246891  571.990351 
Temperature ,  725.504576  723.626438  719.460243  713.084642  704.507553  693.718399  680.698048  665.422115  647.862695  628.251307  581.962176  572.716975 
Temperature ,  726.036129  724.160717  720.000520  713.633954  705.068751  694.294114  681.290653  666.033685  648.494965  628.905351  582.665777  573.431248 
Temperature ,  726.560634  724.687941  720.533730  714.176202  705.622921  694.862902  681.876529  666.638861  649.121356  629.554241  583.366130  574.142817 
Temperature ,  727.079512  725.209587  721.061469  714.713143  706.172003  695.426876  682.457921  667.239931  649.744063  630.199905  584.064305  574.852440 
Temperature ,  727.593541  725.726422  721.584485  715.245490  706.716667  695.986649  683.035368  667.837351  650.363453  630.842608  584.760348  575.560115 
Temperature ,  727.593555  725.726436  721.584499  715.245504  706.716681  695.986664  683.035383  667.837367  650.363469  630.842625  584.760366  575.560133 
 
 rod_temps    10.009999999999831     
 Rod ,           1
 radial pos , 0.0    1.0002449840240703E-003   2.2366157784310127E-003   3.6064345779244448E-003   5.0012249201203526E-003   6.4046929005751570E-003   7.8121630623012531E-003   9.2218030983941320E-003   1.0632750028632310E-002   1.2044544577088435E-002   1.3438320209973752E-002   1.3713910761154854E-002   1.5583989501312335E-002
 axial pos ,   0.0000000000000000       0.30003280839895013       0.90009842519685046        1.5001640419947506        2.1002296587926512        2.7002952755905509        3.3003608923884515        3.9004265091863513        4.5004921259842519        5.1005577427821525        5.7006233595800531        6.3006889763779537        6.9007545931758543        7.5008202099737549        8.1008858267716555        8.7009514435695543        9.3010170603674567        9.9010826771653555        10.501148293963258        11.101213910761157        11.701279527559059        12.001312335958009     
Temperature ,  718.957155  716.996775  712.650071  706.003553  697.072055  685.853093  672.337034  656.510303  638.356903  618.129338  570.449320  560.910494 
Temperature ,  719.605378  717.646928  713.304468  706.664337  697.741227  686.532491  673.028302  657.214862  639.075922  618.863513  571.217916  561.686462 
Temperature ,  720.250154  718.293664  713.955511  707.321864  698.407273  687.208924  673.716795  657.916863  639.792628  619.595638  571.985070  562.461126 
Temperature ,  720.891813  718.937309  714.603524  707.976451  699.070498  687.882683  674.402789  658.616565  640.507258  620.325929  572.750946  563.234635 
Temperature ,  721.530325  719.577834  715.248475  708.628066  699.730870  688.553738  675.086254  659.313939  641.219784  621.054356  573.515518  564.006965 
Temperature ,  722.165657  720.215206  715.890333  709.276678  700.388359  689.222058  675.767160  660.008955  641.930177  621.780894  574.278762  564.778092 
Temperature ,  722.797288  720.848878  716.528490  709.921587  701.042134  689.886642  676.444290  660.700134  642.636642  622.503382  575.037639  565.544765 
Temperature ,  723.419141  721.472748  717.156798  710.556577  701.685913  690.541151  677.111278  661.381126  643.332914  623.215721  575.786538  566.301533 
Temperature ,  724.035997  722.091677  717.780283  711.186928  702.325291  691.191551  677.774498  662.058734  644.026221  623.925536  576.533916  567.056997 
Temperature ,  724.649179  722.706965  718.400204  711.813825  702.961364  691.838830  678.434812  662.733681  644.717140  624.633253  577.279867  567.811181 
Temperature ,  725.258918  723.318839  719.016774  712.437471  703.594317  692.483151  679.092360  663.406081  645.405755  625.338931  578.024388  568.564070 
Temperature ,  725.865273  723.927357  719.630051  713.057918  704.224196  693.124552  679.747171  664.075955  646.092079  626.042572  578.767459  569.315642 
Temperature ,  726.468256  724.532531  720.240044  713.675172  704.851004  693.763035  680.399243  664.743295  646.776101  626.744161  579.509059  570.065874 
Temperature ,  727.067861  725.134354  720.846744  714.289225  705.474731  694.398586  681.048561  665.408087  647.457803  627.443679  580.249164  570.814740 
Temperature ,  727.664070  725.732807  721.450135  714.900057  706.095358  695.031185  681.695104  666.070306  648.137162  628.141102  580.987749  571.562215 
Temperature ,  728.256862  726.327871  722.050195  715.507648  706.712863  695.660810  682.338849  666.729930  648.814153  628.836404  581.724789  572.308275 
Temperature ,  728.846193  726.919493  722.646857  716.111902  707.327100  696.287235  682.979442  667.386408  649.487933  629.528332  582.457939  573.050251 
Temperature ,  729.429039  727.504547  723.236768  716.709130  707.933952  696.905845  683.611740  668.034095  650.152455  630.210621  583.180759  573.781859 
Temperature ,  730.005420  728.083190  723.820390  717.300260  708.534973  697.518970  684.238982  668.677234  650.813010  630.889575  583.901696  574.511894 
Temperature ,  730.577156  728.657234  724.399510  717.887038  709.131838  698.128181  684.862594  669.317067  651.470614  631.565956  584.620929  575.240415 
Temperature ,  731.144822  729.227242  724.974674  718.469977  709.725022  698.733904  685.482947  669.953900  652.125510  632.239940  585.338482  575.967416 
Temperature ,  731.144837  729.227257  724.974689  718.469993  709.725038  698.733921  685.482963  669.953917  652.125527  632.239958  585.338500  575.967435 
 
 rod_temps    11.009999999999810     
 Rod ,           1
 radial pos , 0.0    1.0002449840240703E-003   2.2366157784310127E-003   3.6064345779244448E-003   5.0012249201203526E-003   6.4046929005751570E-003   7.8121630623012531E-003   9.2218030983941320E-003   1.0632750028632310E-002   1.2044544577088435E-002   1.3438320209973752E-002   1.3713910761154854E-002   1.5583989501312335E-002
 axial pos ,   0.0000000000000000       0.30003280839895013       0.90009842519685046        1.5001640419947506        2.1002296587926512        2.7002952755905509        3.3003608923884515        3.9004265091863513        4.5004921259842519        5.1005577427821525        5.7006233595800531        6.3006889763779537        6.9007545931758543        7.5008202099737549        8.1008858267716555        8.7009514435695543        9.3010170603674567        9.9010826771653555        10.501148293963258        11.101213910761157        11.701279527559059        12.001312335958009     
Temperature ,  720.792212  718.802452  714.391428  707.648830  698.592496  687.223501  673.536361  657.522157  639.169936  618.740179  570.609264  560.978093 
Temperature ,  721.476476  719.488254  715.080609  708.343091  699.293423  687.932543  674.254806  658.251110  639.910295  619.492460  571.388579  561.763177 
Temperature ,  722.157871  720.171212  715.767003  709.034653  699.991767  688.639144  674.970978  658.977982  640.648786  620.243102  572.166780  562.547262 
Temperature ,  722.836679  720.851607  716.450887  709.723784  700.687785  689.343551  675.685111  659.702988  641.385605  620.992279  572.943995  563.330468 
Temperature ,  723.512870  721.529410  717.132231  710.410456  701.381451  690.045736  676.397175  660.426102  642.120727  621.739969  573.720203  564.112774 
Temperature ,  724.186415  722.204591  717.811006  711.094640  702.072735  690.745670  677.107144  661.147297  642.854126  622.486147  574.495384  564.894160 
Temperature ,  724.856145  722.875946  718.485933  711.774939  702.760082  691.441599  677.813017  661.864285  643.583182  623.227820  575.265673  565.670558 
Temperature ,  725.515885  723.537312  719.150873  712.445258  703.437466  692.127597  678.509015  662.571480  644.302563  623.959978  576.026852  566.437958 
Temperature ,  726.171662  724.194759  719.811992  713.111904  704.111372  692.810352  679.202044  663.276016  645.019621  624.690164  576.786863  567.204361 
Temperature ,  726.824419  724.849216  720.470185  713.775720  704.782576  693.490564  679.892715  663.978401  645.734760  625.418679  577.545768  567.969784 
Temperature ,  727.474313  725.500836  721.125599  714.436845  705.451204  694.168342  680.581120  664.678713  646.448037  626.145559  578.303562  568.734211 
Temperature ,  728.121381  726.149654  721.778267  715.095308  706.117281  694.843708  681.267275  665.376960  647.159457  626.870803  579.060229  569.497625 
Temperature ,  728.765621  726.795671  722.428188  715.751107  706.780805  695.516656  681.951173  666.073133  647.869005  627.594395  579.815751  570.260006 
Temperature ,  729.407022  727.438872  723.075347  716.404227  707.441759  696.187170  682.632796  666.767213  648.576664  628.316317  580.570107  571.021333 
Temperature ,  730.045564  728.079238  723.719726  717.054648  708.100123  696.855228  683.312123  667.459179  649.282412  629.036547  581.323276  571.781586 
Temperature ,  730.681222  728.716746  724.361300  717.702347  708.755874  697.520808  683.989130  668.149008  649.986226  629.755061  582.075237  572.540744 
Temperature ,  731.313514  729.350875  724.999466  718.346585  709.408080  698.182716  684.662284  668.834732  650.685598  630.468705  582.821249  573.293667 
Temperature ,  731.937979  729.977137  725.629680  718.982752  710.052077  698.836278  685.326977  669.511927  651.376451  631.173938  583.559235  574.038721 
Temperature ,  732.557215  730.598228  726.254852  719.614073  710.691489  699.485572  685.987774  670.185646  652.064285  631.876635  584.295781  574.782570 
Temperature ,  733.172668  731.215574  726.876363  720.241859  711.327530  700.131701  686.645644  670.856707  652.749757  632.577284  585.030998  575.525245 
Temperature ,  733.784744  731.829575  727.494596  720.866471  711.960535  700.774962  687.300844  671.525323  653.433034  633.276004  585.764898  576.266739 
Temperature ,  733.784761  731.829591  727.494612  720.866487  711.960552  700.774978  687.300861  671.525341  653.433052  633.276022  585.764917  576.266758 
 
 rod_temps    12.009999999999788     
 Rod ,           1
 radial pos , 0.0    1.0002449840240703E-003   2.2366157784310127E-003   3.6064345779244448E-003   5.0012249201203526E-003   6.4046929005751570E-003   7.8121630623012531E-003   9.2218030983941320E-003   1.0632750028632310E-002   1.2044544577088435E-002   1.3438320209973752E-002   1.3713910761154854E-002   1.5583989501312335E-002
 axial pos ,   0.0000000000000000       0.30003280839895013       0.90009842519685046        1.5001640419947506        2.1002296587926512        2.7002952755905509        3.3003608923884515        3.9004265091863513        4.5004921259842519        5.1005577427821525        5.7006233595800531        6.3006889763779537        6.9007545931758543        7.5008202099737549        8.1008858267716555        8.7009514435695543        9.3010170603674567        9.9010826771653555        10.501148293963258        11.101213910761157        11.701279527559059        12.001312335958009     
Temperature ,  722.106566  720.095764  715.638672  708.827256  699.681509  688.205053  674.395375  658.246896  639.752269  619.177692  570.723824  561.026511 
Temperature ,  722.819390  720.809799  716.355370  709.547956  700.407456  688.937379  675.135083  658.994839  640.509134  619.943862  571.511063  561.818232 
Temperature ,  723.529854  721.521498  717.069782  710.266446  701.131292  689.667718  675.872949  659.741104  641.264503  620.708729  572.297446  562.609194 
Temperature ,  724.238197  722.231097  717.782139  710.982950  701.853234  690.396275  676.609165  660.485868  642.018536  621.472437  573.083072  563.399489 
Temperature ,  724.944391  722.938568  718.492414  711.697442  702.573255  691.123025  677.343706  661.229109  642.771211  622.234964  573.867925  564.189099 
Temperature ,  725.648410  723.643884  719.200581  712.409895  703.291331  691.847942  678.076549  661.970803  643.522507  622.996291  574.651988  564.978010 
Temperature ,  726.348345  724.345102  719.904618  713.118167  704.005156  692.568522  678.804945  662.707922  644.269081  623.752730  575.430773  565.761551 
Temperature ,  727.038451  725.036503  720.598867  713.816700  704.709309  693.279519  679.523875  663.435720  645.006509  624.500229  576.201115  566.536773 
Temperature ,  727.725427  725.724812  721.290102  714.512336  705.410722  693.987965  680.240475  664.161433  645.742120  625.246192  576.970562  567.311237 
Temperature ,  728.409945  726.410686  721.978957  715.205676  706.109946  694.694356  680.955174  664.885422  646.476201  625.990832  577.739158  568.084952 
Temperature ,  729.092110  727.094231  722.665532  715.896810  706.807066  695.398765  681.668036  665.607737  647.208789  626.734172  578.506895  568.857907 
Temperature ,  729.771941  727.775463  723.349844  716.585756  707.502093  696.101202  682.379066  666.328380  647.939882  627.476205  579.273760  569.630085 
Temperature ,  730.449433  728.454377  724.031886  717.272504  708.195020  696.801656  683.088254  667.047340  648.669467  628.216919  580.039738  570.401471 
Temperature ,  731.124568  729.130958  724.711642  717.957038  708.885829  697.500112  683.795582  667.764599  649.397526  628.956295  580.804811  571.172048 
Temperature ,  731.797327  729.805183  725.389092  718.639339  709.574500  698.196548  684.501030  668.480137  650.124041  629.694315  581.568963  571.941799 
Temperature ,  732.467687  730.477031  726.064211  719.319382  710.261011  698.890943  685.204577  669.193932  650.848990  630.430959  582.332174  572.710707 
Temperature ,  733.134131  731.144927  726.735294  719.995256  710.943166  699.580739  685.903217  669.902444  651.568204  631.161342  583.087865  573.471789 
Temperature ,  733.792402  731.804651  727.398216  720.662993  711.617231  700.262524  686.593973  670.603257  652.279979  631.884630  583.837333  574.226885 
Temperature ,  734.446564  732.460317  728.057186  721.326937  712.287713  700.940982  687.281698  671.301372  652.989416  632.605957  584.585694  574.981055 
Temperature ,  735.097667  733.112954  728.713197  721.988028  712.955479  701.616894  687.967075  671.997361  653.696971  633.325660  585.333022  575.734321 
Temperature ,  735.745994  733.762843  729.366518  722.646518  713.620762  702.290466  688.650281  672.691371  654.402759  634.043820  586.079324  576.486674 
Temperature ,  735.746011  733.762860  729.366535  722.646535  713.620780  702.290484  688.650299  672.691389  654.402777  634.043839  586.079343  576.486694 
 
 rod_temps    13.009999999999767     
 Rod ,           1
 radial pos , 0.0    1.0002449840240703E-003   2.2366157784310127E-003   3.6064345779244448E-003   5.0012249201203526E-003   6.4046929005751570E-003   7.8121630623012531E-003   9.2218030983941320E-003   1.0632750028632310E-002   1.2044544577088435E-002   1.3438320209973752E-002   1.3713910761154854E-002   1.5583989501312335E-002
 axial pos ,   0.0000000000000000       0.30003280839895013       0.90009842519685046        1.5001640419947506        2.1002296587926512        2.7002952755905509        3.3003608923884515        3.9004265091863513        4.5004921259842519        5.1005577427821525        5.7006233595800531        6.3006889763779537        6.9007545931758543        7.5008202099737549        8.1008858267716555        8.7009514435695543        9.3010170603674567        9.9010826771653555        10.501148293963258        11.101213910761157        11.701279527559059        12.001312335958009     
Temperature ,  723.047970  721.022095  716.532007  709.671301  700.461512  688.908087  675.010643  658.765988  640.169363  619.491060  570.805877  561.061190 
Temperature ,  723.783218  721.758291  717.270284  710.412704  701.207011  689.658562  675.766870  659.528622  640.938927  620.267837  571.598970  561.857744 
Temperature ,  724.516545  722.492586  718.006703  711.152315  701.950803  690.407435  676.521616  660.289913  641.707302  621.043587  572.391407  562.653724 
Temperature ,  725.248152  723.225177  718.741457  711.890319  702.693066  691.154873  677.275039  661.050008  642.474616  621.818424  573.183267  563.449198 
Temperature ,  725.978012  723.956040  719.474522  712.626694  703.433777  691.900856  678.027118  661.808884  643.240853  622.592331  573.974535  564.244156 
Temperature ,  726.706102  724.685151  720.205875  713.361415  704.172913  692.645360  678.777832  662.566523  644.005992  623.365290  574.765198  565.038583 
Temperature ,  727.429785  725.409839  720.932769  714.091624  704.907466  693.385190  679.523765  663.319256  644.766085  624.133048  575.550302  565.827370 
Temperature ,  728.143985  726.125062  721.650241  714.812476  705.632751  694.115867  680.260683  664.063140  645.517520  624.892365  576.327473  566.608344 
Temperature ,  728.855724  726.837853  722.365344  715.531054  706.355886  694.844544  680.995777  664.805397  646.267542  625.650491  577.103963  567.388745 
Temperature ,  729.565478  727.548680  723.078528  716.247782  707.077260  695.571573  681.729352  665.546280  647.016350  626.407575  577.879798  568.168577 
Temperature ,  730.273316  728.257611  723.789858  716.962721  707.796931  696.297001  682.461448  666.285823  647.763970  627.163631  578.654975  568.947830 
Temperature ,  730.979248  728.964654  724.499343  717.675876  708.514901  697.020831  683.192066  667.024022  648.510395  627.918652  579.429479  569.726491 
Temperature ,  731.683264  729.669799  725.206971  718.387238  709.231161  697.743052  683.921194  667.760866  649.255615  628.672624  580.203300  570.504548 
Temperature ,  732.385346  730.373031  725.912727  719.096790  709.945693  698.463648  684.648815  668.496339  649.999612  629.425534  580.976422  571.281986 
Temperature ,  733.085476  731.074328  726.616590  719.804512  710.658479  699.182598  685.374911  669.230423  650.742370  630.177364  581.748832  572.058793 
Temperature ,  733.783631  731.773670  727.318539  720.510382  711.369496  699.899883  686.099463  669.963097  651.483870  630.928097  582.520514  572.834953 
Temperature ,  734.476946  732.468122  728.015490  721.211088  712.075121  700.611488  686.817982  670.689327  652.218448  631.671376  583.283491  573.602118 
Temperature ,  735.162460  733.154803  728.704734  721.904190  712.773290  701.315830  687.529489  671.408852  652.946694  632.408761  584.041630  574.364702 
Temperature ,  735.844766  733.838314  729.390894  722.594334  713.468666  702.017582  688.238637  672.126280  653.673126  633.144628  584.798919  575.126580 
Temperature ,  736.524613  734.519392  730.074677  723.282189  714.161865  702.717296  688.945912  672.842015  654.398066  633.879213  585.555409  575.887764 
Temperature ,  737.202198  735.198230  730.756270  723.967928  714.853050  703.415117  689.651434  673.556160  655.121592  634.612572  586.311103  576.648246 
Temperature ,  737.202216  735.198248  730.756288  723.967946  714.853068  703.415135  689.651453  673.556179  655.121611  634.612591  586.311123  576.648265 
 
 rod_temps    14.009999999999746     
 Rod ,           1
 radial pos , 0.0    1.0002449840240703E-003   2.2366157784310127E-003   3.6064345779244448E-003   5.0012249201203526E-003   6.4046929005751570E-003   7.8121630623012531E-003   9.2218030983941320E-003   1.0632750028632310E-002   1.2044544577088435E-002   1.3438320209973752E-002   1.3713910761154854E-002   1.5583989501312335E-002
 axial pos ,   0.0000000000000000       0.30003280839895013       0.90009842519685046        1.5001640419947506        2.1002296587926512        2.7002952755905509        3.3003608923884515        3.9004265091863513        4.5004921259842519        5.1005577427821525        5.7006233595800531        6.3006889763779537        6.9007545931758543        7.5008202099737549        8.1008858267716555        8.7009514435695543        9.3010170603674567        9.9010826771653555        10.501148293963258        11.101213910761157        11.701279527559059        12.001312335958009     
Temperature ,  723.722248  721.685578  717.171856  710.275846  701.020187  689.411633  675.451326  659.137786  640.468106  619.715509  570.864647  561.086029 
Temperature ,  724.474969  722.439035  717.926929  711.033345  701.780863  690.176165  676.220310  659.911723  641.247394  620.500357  571.662060  561.886101 
Temperature ,  725.226142  723.190960  718.680506  711.789402  702.540168  690.939413  676.988113  660.684595  642.025743  621.284400  572.458974  562.685740 
Temperature ,  725.975930  723.941516  719.432745  712.544171  703.298249  691.701517  677.754863  661.456518  642.803257  622.067729  573.255448  563.485000 
Temperature ,  726.724313  724.690680  720.183627  713.297631  704.055086  692.462456  678.520542  662.227475  643.579919  622.850329  574.051473  564.283870 
Temperature ,  727.471268  725.438432  720.933129  714.049762  704.810660  693.222212  679.285132  662.997448  644.355716  623.632185  574.847036  565.082341 
Temperature ,  728.213491  726.181437  721.677850  714.797061  705.561336  693.976987  680.044642  663.762230  645.126195  624.408589  575.636835  565.874978 
Temperature ,  728.946650  726.915398  722.413574  715.535434  706.303178  694.723047  680.795577  664.518601  645.888449  625.176974  576.419092  566.660181 
Temperature ,  729.677882  727.647455  723.147444  716.272027  707.043339  695.467545  681.545091  665.273706  646.649607  625.944438  577.200830  567.444952 
Temperature ,  730.407522  728.377938  723.879776  717.007139  707.782095  696.210729  682.293398  666.027724  647.409809  626.711086  577.982069  568.229293 
Temperature ,  731.135616  729.106891  724.610615  717.740812  708.519482  696.952631  683.040524  666.780676  648.169070  627.476926  578.762804  569.013196 
Temperature ,  731.862167  729.834316  725.339961  718.473044  709.255499  697.693249  683.786466  667.532556  648.927385  628.241951  579.543025  569.796651 
Temperature ,  732.587163  730.560202  726.067803  719.203826  709.990134  698.432572  684.531212  668.283354  649.684740  629.006149  580.322722  570.579646 
Temperature ,  733.310588  731.284534  726.794125  719.933141  710.723373  699.170583  685.274747  669.033054  650.441124  629.769507  581.101882  571.362172 
Temperature ,  734.032424  732.007292  727.518909  720.660971  711.455197  699.907265  686.017055  669.781641  651.196520  630.532011  581.880494  572.144216 
Temperature ,  734.752649  732.728456  728.242135  721.387297  712.185587  700.642601  686.758118  670.529099  651.950913  631.293647  582.658546  572.925768 
Temperature ,  735.466977  733.443671  728.959299  722.107387  712.909510  701.371181  687.492078  671.269053  652.697351  632.046835  583.427001  573.697464 
Temperature ,  736.174250  734.151871  729.669537  722.820691  713.626838  702.093405  688.219979  672.003297  653.438483  632.795171  584.191676  574.465630 
Temperature ,  736.879025  734.857604  730.377375  723.531694  714.341993  702.813616  688.946049  672.735915  654.178211  633.542333  584.955702  575.233258 
Temperature ,  737.581833  735.561391  731.083313  724.240868  715.055413  703.532206  689.670630  673.467193  654.916761  634.288490  585.719113  576.000356 
Temperature ,  738.282810  736.263367  731.787482  724.948336  715.767210  704.249273  690.393806  674.197200  655.654187  635.033678  586.481911  576.766918 
Temperature ,  738.282829  736.263385  731.787501  724.948354  715.767228  704.249292  690.393825  674.197219  655.654206  635.033697  586.481930  576.766937 
 
 rod_temps    15.009999999999724     
 Rod ,           1
 radial pos , 0.0    1.0002449840240703E-003   2.2366157784310127E-003   3.6064345779244448E-003   5.0012249201203526E-003   6.4046929005751570E-003   7.8121630623012531E-003   9.2218030983941320E-003   1.0632750028632310E-002   1.2044544577088435E-002   1.3438320209973752E-002   1.3713910761154854E-002   1.5583989501312335E-002
 axial pos ,   0.0000000000000000       0.30003280839895013       0.90009842519685046        1.5001640419947506        2.1002296587926512        2.7002952755905509        3.3003608923884515        3.9004265091863513        4.5004921259842519        5.1005577427821525        5.7006233595800531        6.3006889763779537        6.9007545931758543        7.5008202099737549        8.1008858267716555        8.7009514435695543        9.3010170603674567        9.9010826771653555        10.501148293963258        11.101213910761157        11.701279527559059        12.001312335958009     
Temperature ,  724.205198  722.160796  717.630147  710.708850  701.420337  689.772297  675.766965  659.404086  640.682080  619.876270  570.906741  561.103820 
Temperature ,  724.971447  722.927613  718.398211  711.478786  702.192722  690.547654  676.545749  660.186680  641.468784  620.667239  571.707340  561.906452 
Temperature ,  725.736458  723.693206  719.165080  712.247572  702.964016  691.321991  677.323598  660.968433  642.254751  621.457580  572.507560  562.708759 
Temperature ,  726.500364  724.457706  719.930883  713.015332  703.734338  692.095420  678.100615  661.749439  643.040064  622.247366  573.307448  563.510784 
Temperature ,  727.263147  725.221095  720.695603  713.782049  704.503670  692.867926  678.876784  662.529684  643.824709  623.036584  574.106996  564.312517 
Temperature ,  728.024789  725.983355  721.459221  714.547706  705.271996  693.639492  679.652091  663.309154  644.608675  623.825222  574.906194  565.113950 
Temperature ,  728.781400  726.740571  722.217765  715.308245  706.035145  694.405809  680.422064  664.083192  645.387103  624.608209  575.699479  565.909413 
Temperature ,  729.529375  727.489171  722.967738  716.060278  706.789878  695.163820  681.183862  664.849208  646.157677  625.383525  576.485517  566.697724 
Temperature ,  730.275845  728.236284  723.716263  716.810924  707.543301  695.920617  681.944557  665.614242  646.927403  626.158133  577.271164  567.485711 
Temperature ,  731.021047  728.982144  724.463565  717.560394  708.295610  696.676374  682.704298  666.378421  647.696381  626.932105  578.056432  568.273375 
Temperature ,  731.765012  729.726779  725.209673  718.308714  709.046827  697.431110  683.463102  667.141757  648.464619  627.705446  578.841317  569.060709 
Temperature ,  732.507737  730.470187  725.954583  719.055880  709.796948  698.184822  684.220965  667.904244  649.232110  628.478149  579.625810  569.847706 
Temperature ,  733.249211  731.212358  726.698285  719.801881  710.545962  698.937498  684.977874  668.665872  649.998845  629.250204  580.409903  570.634356 
Temperature ,  733.989419  731.953276  727.440763  720.546703  711.293856  699.689125  685.733818  669.426629  650.764812  630.021599  581.193587  571.420651 
Temperature ,  734.728343  732.692925  728.182001  721.290330  712.040613  700.439687  686.488782  670.186500  651.529996  630.792323  581.976851  572.206582 
Temperature ,  735.465967  733.431286  728.921982  722.032744  712.786217  701.189168  687.242749  670.945470  652.294386  631.562364  582.759687  572.992139 
Temperature ,  736.196648  734.162655  729.654863  722.767898  713.524344  701.930906  687.988657  671.696019  653.049951  632.323144  583.532258  573.767208 
Temperature ,  736.921162  734.887902  730.381719  723.497172  714.256790  702.667210  688.729428  672.441776  653.801114  633.079951  584.301854  574.539530 
Temperature ,  737.643735  735.611231  731.106709  724.224659  714.987551  703.401953  689.468780  673.186275  654.551192  633.835854  585.070957  575.311446 
Temperature ,  738.364743  736.333013  731.830190  724.950694  715.716935  704.135411  690.206957  673.929717  655.300346  634.590972  585.839589  576.082959 
Temperature ,  739.084281  737.053340  732.552250  725.675360  716.445019  704.867653  690.944014  674.672151  656.048611  635.345328  586.607750  576.854064 
Temperature ,  739.084299  737.053358  732.552268  725.675379  716.445037  704.867672  690.944033  674.672170  656.048630  635.345347  586.607770  576.854084 
 
 rod_temps    16.009999999999703     
 Rod ,           1
 radial pos , 0.0    1.0002449840240703E-003   2.2366157784310127E-003   3.6064345779244448E-003   5.0012249201203526E-003   6.4046929005751570E-003   7.8121630623012531E-003   9.2218030983941320E-003   1.0632750028632310E-002   1.2044544577088435E-002   1.3438320209973752E-002   1.3713910761154854E-002   1.5583989501312335E-002
 axial pos ,   0.0000000000000000       0.30003280839895013       0.90009842519685046        1.5001640419947506        2.1002296587926512        2.7002952755905509        3.3003608923884515        3.9004265091863513        4.5004921259842519        5.1005577427821525        5.7006233595800531        6.3006889763779537        6.9007545931758543        7.5008202099737549        8.1008858267716555        8.7009514435695543        9.3010170603674567        9.9010826771653555        10.501148293963258        11.101213910761157        11.701279527559059        12.001312335958009     
Temperature ,  724.551110  722.501170  717.958396  711.018988  701.706943  690.030622  675.993041  659.594822  640.835339  619.991415  570.936891  561.116562 
Temperature ,  725.327776  723.278272  718.736455  711.798484  702.488318  690.814275  676.779320  660.384018  641.627678  620.787011  571.739837  561.921057 
Temperature ,  726.103457  724.054401  719.513566  712.577068  703.268830  691.597124  677.564864  661.172555  642.419442  621.582121  572.542497  562.725310 
Temperature ,  726.878264  724.829665  720.289834  713.354842  704.048575  692.379258  678.349754  661.960508  643.210697  622.376801  573.344909  563.529353 
Temperature ,  727.652180  725.604048  721.065243  714.131791  704.827538  693.160665  679.133979  662.747865  644.001432  623.171043  574.147064  564.333180 
Temperature ,  728.425190  726.377535  721.839778  714.907900  705.605705  693.941329  679.917525  663.534614  644.791637  623.964835  574.948957  565.136784 
Temperature ,  729.192911  727.145722  722.608988  715.678645  706.378459  694.716520  680.695525  664.315737  645.576127  624.752819  575.744827  565.934319 
Temperature ,  729.952394  727.905689  723.370018  716.441271  707.143174  695.483769  681.465701  665.089168  646.353074  625.533417  576.533675  566.724912 
Temperature ,  730.710706  728.664500  724.129923  717.202819  707.906872  696.250078  682.235023  665.861842  647.129368  626.313472  577.322229  567.515265 
Temperature ,  731.468016  729.422320  724.888862  717.963438  708.669691  697.015568  683.003597  666.633847  647.905079  627.093036  578.110498  568.305377 
Temperature ,  732.224341  730.179166  725.646851  718.723144  709.431645  697.780251  683.771432  667.405190  648.680211  627.872108  578.898477  569.095243 
Temperature ,  732.979677  730.935034  726.403887  719.481933  710.192730  698.544123  684.538523  668.175865  649.454759  628.650685  579.686160  569.884855 
Temperature ,  733.734015  731.689914  727.159958  720.239794  710.952934  699.307172  685.304860  668.945862  650.228714  629.428756  580.473540  570.674208 
Temperature ,  734.487340  732.443792  727.915052  720.996713  711.712245  700.069388  686.070432  669.715172  651.002065  630.206313  581.260609  571.463295 
Temperature ,  735.239637  733.196654  728.669154  721.752678  712.470649  700.830756  686.835225  670.483781  651.774801  630.983345  582.047359  572.252107 
Temperature ,  735.990890  733.948484  729.422248  722.507673  713.228133  701.591264  687.599228  671.251678  652.546912  631.759843  582.833783  573.040639 
Temperature ,  736.734243  734.692369  730.167304  723.254484  713.977243  702.343163  688.354347  672.010378  653.309478  632.526426  583.609442  573.818218 
Temperature ,  737.472328  735.431028  730.907225  723.996302  714.721547  703.090488  689.105167  672.765095  654.068416  633.289763  584.382739  574.593633 
Temperature ,  738.208907  736.168201  731.645700  724.736735  715.464545  703.836605  689.854891  673.518842  654.826518  634.052406  585.155663  575.368743 
Temperature ,  738.944248  736.904149  732.382982  725.476021  716.206457  704.581710  690.603690  674.271760  655.583897  634.814438  585.928228  576.143549 
Temperature ,  739.678414  737.638936  733.119130  726.214216  716.947335  705.325850  691.351603  675.023881  656.340579  635.575875  586.700435  576.918047 
Temperature ,  739.678433  737.638954  733.119149  726.214235  716.947354  705.325869  691.351622  675.023901  656.340598  635.575894  586.700454  576.918067 
 
 rod_temps    17.009999999999859     
 Rod ,           1
 radial pos , 0.0    1.0002449840240703E-003   2.2366157784310127E-003   3.6064345779244448E-003   5.0012249201203526E-003   6.4046929005751570E-003   7.8121630623012531E-003   9.2218030983941320E-003   1.0632750028632310E-002   1.2044544577088435E-002   1.3438320209973752E-002   1.3713910761154854E-002   1.5583989501312335E-002
 axial pos ,   0.0000000000000000       0.30003280839895013       0.90009842519685046        1.5001640419947506        2.1002296587926512        2.7002952755905509        3.3003608923884515        3.9004265091863513        4.5004921259842519        5.1005577427821525        5.7006233595800531        6.3006889763779537        6.9007545931758543        7.5008202099737549        8.1008858267716555        8.7009514435695543        9.3010170603674567        9.9010826771653555        10.501148293963258        11.101213910761157        11.701279527559059        12.001312335958009     
Temperature ,  724.798869  722.744962  718.193504  711.241124  701.912224  690.215646  676.154967  659.731437  640.945110  620.073887  570.958486  561.125689 
Temperature ,  725.583516  723.529943  718.979217  712.027934  702.700470  691.005632  676.946956  660.525650  641.741717  620.872973  571.763160  561.931539 
Temperature ,  726.367387  724.314157  719.764182  712.814028  703.488038  691.794987  677.738370  661.319350  642.537878  621.671684  572.567620  562.737210 
Temperature ,  727.150570  725.097690  720.548485  713.599485  704.275005  692.583783  678.529275  662.112596  643.333646  622.470064  573.371895  563.542727 
Temperature ,  727.933051  725.880530  721.332112  714.384293  705.061358  693.372009  679.319660  662.905378  644.129011  623.268107  574.175979  564.348085 
Temperature ,  728.714818  726.662663  722.115051  715.168440  705.847086  694.159653  680.109514  663.697686  644.923965  624.065805  574.979866  565.153277 
Temperature ,  729.491078  727.439281  722.892453  715.947020  706.627205  694.941639  680.893651  664.484212  645.713066  624.857573  575.777652  565.952332 
Temperature ,  730.259454  728.208030  723.662022  716.717818  707.399612  695.715998  681.670261  665.263324  646.494876  625.642184  576.568587  566.744602 
Temperature ,  731.026923  728.975884  724.430719  717.487782  708.171234  696.489630  682.446212  666.041854  647.276187  626.426382  577.359302  567.536694 
Temperature ,  731.793604  729.742958  725.198657  718.257018  708.942167  697.262622  683.221580  666.819863  648.057047  627.210201  578.149804  568.328608 
Temperature ,  732.559506  730.509263  725.965846  719.025533  709.712418  698.034980  683.996369  667.597355  648.837457  627.993641  578.940089  569.120340 
Temperature ,  733.324626  731.274795  726.732281  719.793323  710.481983  698.806699  684.770574  668.374325  649.617412  628.776697  579.730151  569.911884 
Temperature ,  734.088954  732.039542  727.497951  720.560380  711.250853  699.577770  685.544186  669.150765  650.396905  629.559362  580.519985  570.703236 
Temperature ,  734.852476  732.803494  728.262846  721.326690  712.019016  700.348182  686.317196  669.926664  651.175927  630.341629  581.309585  571.494388 
Temperature ,  735.615182  733.566638  729.026953  722.092242  712.786461  701.117925  687.089593  670.702014  651.954468  631.123488  582.098944  572.285336 
Temperature ,  736.377057  734.328961  729.790258  722.857024  713.553176  701.886986  687.861365  671.476804  652.732519  631.904932  582.888057  573.076074 
Temperature ,  737.130195  735.082509  730.544708  723.612827  714.310749  702.646708  688.623564  672.241757  653.500444  632.675940  583.666030  573.855520 
Temperature ,  737.878898  735.831661  731.294845  724.364443  715.064304  703.402616  689.382193  673.003418  654.265383  633.444294  584.442107  574.633236 
Temperature ,  738.626438  736.579664  732.043864  725.114989  715.816850  704.157593  690.139979  673.764332  655.029682  634.212117  585.217903  575.410724 
Temperature ,  739.373002  737.326702  732.791944  725.864633  716.568543  704.911776  690.897040  674.524600  655.793420  634.979467  585.993428  576.187985 
Temperature ,  740.118633  738.072819  733.539125  726.613413  717.319418  705.665196  691.653403  675.284243  656.556611  635.746355  586.768681  576.965015 
Temperature ,  740.118653  738.072838  733.539144  726.613433  717.319438  705.665216  691.653422  675.284262  656.556630  635.746375  586.768701  576.965035 
 
 rod_temps    18.010000000000016     
 Rod ,           1
 radial pos , 0.0    1.0002449840240703E-003   2.2366157784310127E-003   3.6064345779244448E-003   5.0012249201203526E-003   6.4046929005751570E-003   7.8121630623012531E-003   9.2218030983941320E-003   1.0632750028632310E-002   1.2044544577088435E-002   1.3438320209973752E-002   1.3713910761154854E-002   1.5583989501312335E-002
 axial pos ,   0.0000000000000000       0.30003280839895013       0.90009842519685046        1.5001640419947506        2.1002296587926512        2.7002952755905509        3.3003608923884515        3.9004265091863513        4.5004921259842519        5.1005577427821525        5.7006233595800531        6.3006889763779537        6.9007545931758543        7.5008202099737549        8.1008858267716555        8.7009514435695543        9.3010170603674567        9.9010826771653555        10.501148293963258        11.101213910761157        11.701279527559059        12.001312335958009     
Temperature ,  724.976326  722.919578  718.361900  711.400228  702.059256  690.348170  676.270946  659.829287  641.023733  620.132957  570.973953  561.132226 
Temperature ,  725.767063  723.710569  719.153449  712.192613  702.852734  691.142971  677.067270  660.627300  641.823563  620.934668  571.779898  561.939061 
Temperature ,  726.557193  724.500961  719.944414  712.984437  703.645682  691.937280  677.863147  661.424916  642.623051  621.736091  572.585685  562.745766 
Temperature ,  727.346785  725.290820  720.734860  713.775765  704.438162  692.731155  678.658629  662.222182  643.422235  622.537263  573.391336  563.552359 
Temperature ,  728.135828  726.080137  721.524779  714.566586  705.230163  693.524586  679.453708  663.019089  644.221111  623.338176  574.196844  564.358835 
Temperature ,  728.924310  726.868900  722.314158  715.356890  706.021676  694.317564  680.248375  663.815629  645.019669  624.138825  575.002208  565.165191 
Temperature ,  729.707109  727.651973  723.097830  716.141462  706.807424  695.104737  681.037188  664.606264  645.812265  624.933452  575.801413  565.965360 
Temperature ,  730.482327  728.427477  723.873963  716.918539  707.585735  695.884544  681.818721  665.389712  646.597778  625.721105  576.593895  566.758860 
Temperature ,  731.256845  729.202290  724.649425  717.694973  708.363441  696.663793  682.599748  666.172714  647.382910  626.508444  577.386215  567.552231 
Temperature ,  732.030746  729.976494  725.424293  718.470838  709.140610  697.442543  683.380322  666.955315  648.167694  627.295493  578.178377  568.345472 
Temperature ,  732.804037  730.750095  726.198574  719.246140  709.917247  698.220800  684.160446  667.737514  648.952131  628.082252  578.970378  569.138579 
Temperature ,  733.576712  731.523086  726.972261  720.020872  710.693346  698.998556  684.940114  668.519307  649.736217  628.868717  579.762213  569.931549 
Temperature ,  734.348762  732.295461  727.745348  720.795027  711.468899  699.775805  685.719320  669.300688  650.519945  629.654881  580.553878  570.724376 
Temperature ,  735.120177  733.067208  728.517823  721.568594  712.243896  700.552537  686.498054  670.081648  651.303307  630.440737  581.345368  571.517057 
Temperature ,  735.890947  733.838317  729.289676  722.341564  713.018328  701.328743  687.276308  670.862179  652.086296  631.226280  582.136678  572.309588 
Temperature ,  736.661060  734.608776  730.060896  723.113926  713.792185  702.104414  688.054072  671.642273  652.868905  632.011501  582.927803  573.101962 
Temperature ,  737.421728  735.369760  730.822572  723.876642  714.556260  702.870138  688.821698  672.412010  653.640919  632.785878  583.707511  573.882795 
Temperature ,  738.178700  736.127080  731.580657  724.635876  715.316998  703.632702  689.586371  673.179031  654.410477  633.558074  584.485672  574.662221 
Temperature ,  738.934774  736.883514  732.337881  725.394285  716.076961  704.394550  690.350396  673.945480  655.179546  634.329867  585.263625  575.441478 
Temperature ,  739.690084  737.639192  733.094369  726.151989  716.836256  705.155778  691.113857  674.711427  655.948180  635.101297  586.041375  576.220568 
Temperature ,  740.444658  738.394144  733.850148  726.909012  717.594908  705.916408  691.876772  675.476887  656.716391  635.872370  586.818921  576.999487 
Temperature ,  740.444677  738.394163  733.850167  726.909031  717.594927  705.916427  691.876792  675.476906  656.716410  635.872390  586.818940  576.999507 
 
 rod_temps    19.010000000000172     
 Rod ,           1
 radial pos , 0.0    1.0002449840240703E-003   2.2366157784310127E-003   3.6064345779244448E-003   5.0012249201203526E-003   6.4046929005751570E-003   7.8121630623012531E-003   9.2218030983941320E-003   1.0632750028632310E-002   1.2044544577088435E-002   1.3438320209973752E-002   1.3713910761154854E-002   1.5583989501312335E-002
 axial pos ,   0.0000000000000000       0.30003280839895013       0.90009842519685046        1.5001640419947506        2.1002296587926512        2.7002952755905509        3.3003608923884515        3.9004265091863513        4.5004921259842519        5.1005577427821525        5.7006233595800531        6.3006889763779537        6.9007545931758543        7.5008202099737549        8.1008858267716555        8.7009514435695543        9.3010170603674567        9.9010826771653555        10.501148293963258        11.101213910761157        11.701279527559059        12.001312335958009     
Temperature ,  725.103428  723.044646  718.482513  711.514186  702.164568  690.443089  676.354016  659.899372  641.080046  620.175266  570.985031  561.136908 
Temperature ,  725.898797  723.840207  719.278497  712.310804  702.962015  691.241540  677.153620  660.700255  641.882305  620.978946  571.791911  561.944460 
Temperature ,  726.693692  724.635301  720.074026  713.106987  703.759051  692.039610  677.952880  661.500834  642.684302  621.782409  572.598676  562.751918 
Temperature ,  727.488169  725.429982  720.869154  713.902785  704.555725  692.837344  678.751835  662.301143  643.486067  622.585680  573.405340  563.559295 
Temperature ,  728.282219  726.224241  721.663871  714.698190  705.352028  693.634735  679.550480  663.101177  644.287596  623.388756  574.211901  564.366589 
Temperature ,  729.075833  727.018068  722.458169  715.493193  706.147953  694.431776  680.348806  663.900929  645.088883  624.191630  575.018356  565.173796 
Temperature ,  729.863622  727.806065  723.246623  716.282331  706.937986  695.222894  681.141172  664.694680  645.884123  624.988412  575.818611  565.974782 
Temperature ,  730.644082  728.586745  724.027783  717.064213  707.720812  696.006862  681.926458  665.481428  646.672445  625.778365  576.612240  566.769185 
Temperature ,  731.424005  729.366894  724.808429  717.845603  708.503174  696.790404  682.711358  666.267836  647.460478  626.568081  577.405751  567.563495 
Temperature ,  732.203449  730.146569  725.588613  718.626550  709.285120  697.573560  683.495909  667.053936  648.248246  627.357577  578.199146  568.357712 
Temperature ,  732.982416  730.925774  726.368339  719.407059  710.066653  698.356333  684.280113  667.839727  649.035748  628.146853  578.992423  569.151833 
Temperature ,  733.760902  731.704504  727.147603  720.187125  710.847766  699.138718  685.063963  668.625205  649.822981  628.935904  579.785578  569.945854 
Temperature ,  734.538899  732.482750  727.926396  720.966739  711.628454  699.920708  685.847454  669.410364  650.609937  629.724725  580.578608  570.739772 
Temperature ,  735.316399  733.260505  728.704711  721.745894  712.408708  700.702295  686.630579  670.195197  651.396613  630.513312  581.371509  571.533583 
Temperature ,  736.093391  734.037758  729.482538  722.524581  713.188521  701.483472  687.413330  670.979698  652.183001  631.301658  582.164276  572.327285 
Temperature ,  736.869868  734.814502  730.259868  723.302791  713.967882  702.264231  688.195700  671.763859  652.969095  632.089758  582.956907  573.120872 
Temperature ,  737.636315  735.581191  731.027087  724.070806  714.736939  703.034550  688.967474  672.537248  653.744225  632.866693  583.737911  573.902735 
Temperature ,  738.399696  736.344842  731.791330  724.835937  715.503233  703.802255  689.736807  673.308393  654.517326  633.641826  584.517636  574.683431 
Temperature ,  739.162388  737.107812  732.554911  725.600436  716.268932  704.569410  690.505645  674.079102  655.290055  634.416653  585.297206  575.464005 
Temperature ,  739.924483  737.870193  733.317918  726.364384  717.034112  705.336086  691.274046  674.849424  656.062450  635.191204  586.076626  576.244456 
Temperature ,  740.686002  738.632004  734.080371  727.127800  717.798790  706.102294  692.042023  675.619367  656.834518  635.965481  586.855894  577.024781 
Temperature ,  740.686021  738.632023  734.080390  727.127820  717.798809  706.102314  692.042042  675.619387  656.834538  635.965500  586.855914  577.024801 
 
 rod_temps    20.010000000000328     
 Rod ,           1
 radial pos , 0.0    1.0002449840240703E-003   2.2366157784310127E-003   3.6064345779244448E-003   5.0012249201203526E-003   6.4046929005751570E-003   7.8121630623012531E-003   9.2218030983941320E-003   1.0632750028632310E-002   1.2044544577088435E-002   1.3438320209973752E-002   1.3713910761154854E-002   1.5583989501312335E-002
 axial pos ,   0.0000000000000000       0.30003280839895013       0.90009842519685046        1.5001640419947506        2.1002296587926512        2.7002952755905509        3.3003608923884515        3.9004265091863513        4.5004921259842519        5.1005577427821525        5.7006233595800531        6.3006889763779537        6.9007545931758543        7.5008202099737549        8.1008858267716555        8.7009514435695543        9.3010170603674567        9.9010826771653555        10.501148293963258        11.101213910761157        11.701279527559059        12.001312335958009     
Temperature ,  725.194466  723.134225  718.568901  711.595808  702.239997  690.511075  676.413514  659.949570  641.120381  620.205570  570.992966  561.140262 
Temperature ,  725.993343  723.933249  719.368245  712.395631  703.040447  691.312283  677.215594  660.752616  641.924465  621.010726  571.800533  561.948335 
Temperature ,  726.791855  724.731911  720.167237  713.195118  703.840580  692.113199  678.017410  661.555429  642.728349  621.815717  572.608017  562.756341 
Temperature ,  727.590044  725.530254  720.965919  713.994309  704.640435  692.913857  678.818993  662.358037  643.532059  622.620565  573.415428  563.564291 
Temperature ,  728.387903  726.328272  721.764285  714.793196  705.440004  693.714252  679.620339  663.160435  644.335590  623.425266  574.222766  564.372182 
Temperature ,  729.185424  727.125956  722.562327  715.591774  706.239282  694.514378  680.421440  663.962619  645.138936  624.229816  575.030027  565.180012 
Temperature ,  729.977008  727.917698  723.354415  716.384383  707.032570  695.308489  681.216498  664.758726  645.936173  625.028219  575.831058  565.981595 
Temperature ,  730.761472  728.702329  724.139413  717.169930  707.818836  696.095626  682.004638  665.547978  646.726622  625.819907  576.625537  566.776661 
Temperature ,  731.545525  729.486555  724.924017  717.955102  708.604750  696.882438  682.792485  666.336974  647.516853  626.611417  577.419931  567.571662 
Temperature ,  732.329208  730.270415  725.708266  718.739933  709.390343  697.668955  683.580065  667.125734  648.306883  627.402763  578.214241  568.366596 
Temperature ,  733.112522  731.053910  726.492160  719.524425  710.175617  698.455176  684.367378  667.914258  649.096712  628.193942  579.008467  569.161463 
Temperature ,  733.895462  731.837037  727.275695  720.308574  710.960567  699.241098  685.154419  668.702542  649.886335  628.984952  579.802604  569.956259 
Temperature ,  734.678022  732.619788  728.058865  721.092372  711.745188  700.026714  685.941184  669.490582  650.675748  629.775788  580.596650  570.750982 
Temperature ,  735.460195  733.402156  728.841662  721.875814  712.529472  700.812020  686.727667  670.278372  651.464946  630.566446  581.390602  571.545629 
Temperature ,  736.241972  734.184134  729.624080  722.658892  713.313413  701.597007  687.513861  671.065905  652.253924  631.356922  582.184458  572.340197 
Temperature ,  737.023347  734.965714  730.406110  723.441598  714.097003  702.381670  688.299760  671.853178  653.042678  632.147211  582.978213  573.134684 
Temperature ,  737.794216  735.736767  731.177570  724.213666  714.869867  703.155497  689.074698  672.629349  653.820176  632.926084  583.760187  573.917311 
Temperature ,  738.562547  736.505307  731.946565  724.983345  715.640442  703.927159  689.847613  673.403657  654.595987  633.703456  584.541081  574.698950 
Temperature ,  739.330351  737.273324  732.715054  725.752541  716.410563  704.698402  690.620150  674.177634  655.371517  634.480598  585.321864  575.480502 
Temperature ,  740.097691  738.040886  733.483098  726.521312  717.180283  705.469275  691.392353  674.951314  656.146793  635.257530  586.102537  576.261966 
Temperature ,  740.864583  738.808003  734.250711  727.289668  717.949613  706.239785  692.164226  675.724704  656.921818  636.034254  586.883099  577.043339 
Temperature ,  740.864602  738.808022  734.250731  727.289688  717.949632  706.239805  692.164246  675.724723  656.921838  636.034274  586.883119  577.043359 
 
