# vtk DataFile Version 2.0
Scalar Data
ASCII
DATASET UNSTRUCTURED_GRID
FIELD FieldData 2
Time 1 1 double
  1.720848126100796E+01
  dt 1 1 double
  1.000000000000000E-02
POINTS         160 double
 -7.00000000E-03 -7.00000000E-03  0.00000000E+00
  0.00000000E+00 -7.00000000E-03  0.00000000E+00
 -7.00000000E-03  0.00000000E+00  0.00000000E+00
  0.00000000E+00  0.00000000E+00  0.00000000E+00
 -7.00000000E-03 -7.00000000E-03  1.82900000E-01
  0.00000000E+00 -7.00000000E-03  1.82900000E-01
 -7.00000000E-03  0.00000000E+00  1.82900000E-01
  0.00000000E+00  0.00000000E+00  1.82900000E-01
 -7.00000000E-03 -7.00000000E-03  1.82900000E-01
  0.00000000E+00 -7.00000000E-03  1.82900000E-01
 -7.00000000E-03  0.00000000E+00  1.82900000E-01
  0.00000000E+00  0.00000000E+00  1.82900000E-01
 -7.00000000E-03 -7.00000000E-03  3.65800000E-01
  0.00000000E+00 -7.00000000E-03  3.65800000E-01
 -7.00000000E-03  0.00000000E+00  3.65800000E-01
  0.00000000E+00  0.00000000E+00  3.65800000E-01
 -7.00000000E-03 -7.00000000E-03  3.65800000E-01
  0.00000000E+00 -7.00000000E-03  3.65800000E-01
 -7.00000000E-03  0.00000000E+00  3.65800000E-01
  0.00000000E+00  0.00000000E+00  3.65800000E-01
 -7.00000000E-03 -7.00000000E-03  5.48700000E-01
  0.00000000E+00 -7.00000000E-03  5.48700000E-01
 -7.00000000E-03  0.00000000E+00  5.48700000E-01
  0.00000000E+00  0.00000000E+00  5.48700000E-01
 -7.00000000E-03 -7.00000000E-03  5.48700000E-01
  0.00000000E+00 -7.00000000E-03  5.48700000E-01
 -7.00000000E-03  0.00000000E+00  5.48700000E-01
  0.00000000E+00  0.00000000E+00  5.48700000E-01
 -7.00000000E-03 -7.00000000E-03  7.31600000E-01
  0.00000000E+00 -7.00000000E-03  7.31600000E-01
 -7.00000000E-03  0.00000000E+00  7.31600000E-01
  0.00000000E+00  0.00000000E+00  7.31600000E-01
 -7.00000000E-03 -7.00000000E-03  7.31600000E-01
  0.00000000E+00 -7.00000000E-03  7.31600000E-01
 -7.00000000E-03  0.00000000E+00  7.31600000E-01
  0.00000000E+00  0.00000000E+00  7.31600000E-01
 -7.00000000E-03 -7.00000000E-03  9.14500000E-01
  0.00000000E+00 -7.00000000E-03  9.14500000E-01
 -7.00000000E-03  0.00000000E+00  9.14500000E-01
  0.00000000E+00  0.00000000E+00  9.14500000E-01
 -7.00000000E-03 -7.00000000E-03  9.14500000E-01
  0.00000000E+00 -7.00000000E-03  9.14500000E-01
 -7.00000000E-03  0.00000000E+00  9.14500000E-01
  0.00000000E+00  0.00000000E+00  9.14500000E-01
 -7.00000000E-03 -7.00000000E-03  1.09740000E+00
  0.00000000E+00 -7.00000000E-03  1.09740000E+00
 -7.00000000E-03  0.00000000E+00  1.09740000E+00
  0.00000000E+00  0.00000000E+00  1.09740000E+00
 -7.00000000E-03 -7.00000000E-03  1.09740000E+00
  0.00000000E+00 -7.00000000E-03  1.09740000E+00
 -7.00000000E-03  0.00000000E+00  1.09740000E+00
  0.00000000E+00  0.00000000E+00  1.09740000E+00
 -7.00000000E-03 -7.00000000E-03  1.28030000E+00
  0.00000000E+00 -7.00000000E-03  1.28030000E+00
 -7.00000000E-03  0.00000000E+00  1.28030000E+00
  0.00000000E+00  0.00000000E+00  1.28030000E+00
 -7.00000000E-03 -7.00000000E-03  1.28030000E+00
  0.00000000E+00 -7.00000000E-03  1.28030000E+00
 -7.00000000E-03  0.00000000E+00  1.28030000E+00
  0.00000000E+00  0.00000000E+00  1.28030000E+00
 -7.00000000E-03 -7.00000000E-03  1.46320000E+00
  0.00000000E+00 -7.00000000E-03  1.46320000E+00
 -7.00000000E-03  0.00000000E+00  1.46320000E+00
  0.00000000E+00  0.00000000E+00  1.46320000E+00
 -7.00000000E-03 -7.00000000E-03  1.46320000E+00
  0.00000000E+00 -7.00000000E-03  1.46320000E+00
 -7.00000000E-03  0.00000000E+00  1.46320000E+00
  0.00000000E+00  0.00000000E+00  1.46320000E+00
 -7.00000000E-03 -7.00000000E-03  1.64610000E+00
  0.00000000E+00 -7.00000000E-03  1.64610000E+00
 -7.00000000E-03  0.00000000E+00  1.64610000E+00
  0.00000000E+00  0.00000000E+00  1.64610000E+00
 -7.00000000E-03 -7.00000000E-03  1.64610000E+00
  0.00000000E+00 -7.00000000E-03  1.64610000E+00
 -7.00000000E-03  0.00000000E+00  1.64610000E+00
  0.00000000E+00  0.00000000E+00  1.64610000E+00
 -7.00000000E-03 -7.00000000E-03  1.82900000E+00
  0.00000000E+00 -7.00000000E-03  1.82900000E+00
 -7.00000000E-03  0.00000000E+00  1.82900000E+00
  0.00000000E+00  0.00000000E+00  1.82900000E+00
 -7.00000000E-03 -7.00000000E-03  1.82900000E+00
  0.00000000E+00 -7.00000000E-03  1.82900000E+00
 -7.00000000E-03  0.00000000E+00  1.82900000E+00
  0.00000000E+00  0.00000000E+00  1.82900000E+00
 -7.00000000E-03 -7.00000000E-03  2.01190000E+00
  0.00000000E+00 -7.00000000E-03  2.01190000E+00
 -7.00000000E-03  0.00000000E+00  2.01190000E+00
  0.00000000E+00  0.00000000E+00  2.01190000E+00
 -7.00000000E-03 -7.00000000E-03  2.01190000E+00
  0.00000000E+00 -7.00000000E-03  2.01190000E+00
 -7.00000000E-03  0.00000000E+00  2.01190000E+00
  0.00000000E+00  0.00000000E+00  2.01190000E+00
 -7.00000000E-03 -7.00000000E-03  2.19480000E+00
  0.00000000E+00 -7.00000000E-03  2.19480000E+00
 -7.00000000E-03  0.00000000E+00  2.19480000E+00
  0.00000000E+00  0.00000000E+00  2.19480000E+00
 -7.00000000E-03 -7.00000000E-03  2.19480000E+00
  0.00000000E+00 -7.00000000E-03  2.19480000E+00
 -7.00000000E-03  0.00000000E+00  2.19480000E+00
  0.00000000E+00  0.00000000E+00  2.19480000E+00
 -7.00000000E-03 -7.00000000E-03  2.37770000E+00
  0.00000000E+00 -7.00000000E-03  2.37770000E+00
 -7.00000000E-03  0.00000000E+00  2.37770000E+00
  0.00000000E+00  0.00000000E+00  2.37770000E+00
 -7.00000000E-03 -7.00000000E-03  2.37770000E+00
  0.00000000E+00 -7.00000000E-03  2.37770000E+00
 -7.00000000E-03  0.00000000E+00  2.37770000E+00
  0.00000000E+00  0.00000000E+00  2.37770000E+00
 -7.00000000E-03 -7.00000000E-03  2.56060000E+00
  0.00000000E+00 -7.00000000E-03  2.56060000E+00
 -7.00000000E-03  0.00000000E+00  2.56060000E+00
  0.00000000E+00  0.00000000E+00  2.56060000E+00
 -7.00000000E-03 -7.00000000E-03  2.56060000E+00
  0.00000000E+00 -7.00000000E-03  2.56060000E+00
 -7.00000000E-03  0.00000000E+00  2.56060000E+00
  0.00000000E+00  0.00000000E+00  2.56060000E+00
 -7.00000000E-03 -7.00000000E-03  2.74350000E+00
  0.00000000E+00 -7.00000000E-03  2.74350000E+00
 -7.00000000E-03  0.00000000E+00  2.74350000E+00
  0.00000000E+00  0.00000000E+00  2.74350000E+00
 -7.00000000E-03 -7.00000000E-03  2.74350000E+00
  0.00000000E+00 -7.00000000E-03  2.74350000E+00
 -7.00000000E-03  0.00000000E+00  2.74350000E+00
  0.00000000E+00  0.00000000E+00  2.74350000E+00
 -7.00000000E-03 -7.00000000E-03  2.92640000E+00
  0.00000000E+00 -7.00000000E-03  2.92640000E+00
 -7.00000000E-03  0.00000000E+00  2.92640000E+00
  0.00000000E+00  0.00000000E+00  2.92640000E+00
 -7.00000000E-03 -7.00000000E-03  2.92640000E+00
  0.00000000E+00 -7.00000000E-03  2.92640000E+00
 -7.00000000E-03  0.00000000E+00  2.92640000E+00
  0.00000000E+00  0.00000000E+00  2.92640000E+00
 -7.00000000E-03 -7.00000000E-03  3.10930000E+00
  0.00000000E+00 -7.00000000E-03  3.10930000E+00
 -7.00000000E-03  0.00000000E+00  3.10930000E+00
  0.00000000E+00  0.00000000E+00  3.10930000E+00
 -7.00000000E-03 -7.00000000E-03  3.10930000E+00
  0.00000000E+00 -7.00000000E-03  3.10930000E+00
 -7.00000000E-03  0.00000000E+00  3.10930000E+00
  0.00000000E+00  0.00000000E+00  3.10930000E+00
 -7.00000000E-03 -7.00000000E-03  3.29220000E+00
  0.00000000E+00 -7.00000000E-03  3.29220000E+00
 -7.00000000E-03  0.00000000E+00  3.29220000E+00
  0.00000000E+00  0.00000000E+00  3.29220000E+00
 -7.00000000E-03 -7.00000000E-03  3.29220000E+00
  0.00000000E+00 -7.00000000E-03  3.29220000E+00
 -7.00000000E-03  0.00000000E+00  3.29220000E+00
  0.00000000E+00  0.00000000E+00  3.29220000E+00
 -7.00000000E-03 -7.00000000E-03  3.47510000E+00
  0.00000000E+00 -7.00000000E-03  3.47510000E+00
 -7.00000000E-03  0.00000000E+00  3.47510000E+00
  0.00000000E+00  0.00000000E+00  3.47510000E+00
 -7.00000000E-03 -7.00000000E-03  3.47510000E+00
  0.00000000E+00 -7.00000000E-03  3.47510000E+00
 -7.00000000E-03  0.00000000E+00  3.47510000E+00
  0.00000000E+00  0.00000000E+00  3.47510000E+00
 -7.00000000E-03 -7.00000000E-03  3.65800000E+00
  0.00000000E+00 -7.00000000E-03  3.65800000E+00
 -7.00000000E-03  0.00000000E+00  3.65800000E+00
  0.00000000E+00  0.00000000E+00  3.65800000E+00
CELLS        20       180
         8         0         1         2         3         4         5         6         7
         8         8         9        10        11        12        13        14        15
         8        16        17        18        19        20        21        22        23
         8        24        25        26        27        28        29        30        31
         8        32        33        34        35        36        37        38        39
         8        40        41        42        43        44        45        46        47
         8        48        49        50        51        52        53        54        55
         8        56        57        58        59        60        61        62        63
         8        64        65        66        67        68        69        70        71
         8        72        73        74        75        76        77        78        79
         8        80        81        82        83        84        85        86        87
         8        88        89        90        91        92        93        94        95
         8        96        97        98        99       100       101       102       103
         8       104       105       106       107       108       109       110       111
         8       112       113       114       115       116       117       118       119
         8       120       121       122       123       124       125       126       127
         8       128       129       130       131       132       133       134       135
         8       136       137       138       139       140       141       142       143
         8       144       145       146       147       148       149       150       151
         8       152       153       154       155       156       157       158       159
CELL_TYPES      20
11
11
11
11
11
11
11
11
11
11
11
11
11
11
11
11
11
11
11
11
CELL_DATA      20
SCALARS Liquid_Volume_Fraction float
LOOKUP_TABLE default
  1.000000000000000E+00
  1.000000000000000E+00
  1.000000000000000E+00
  1.000000000000000E+00
  1.000000000000000E+00
  1.000000000000000E+00
  1.000000000000000E+00
  1.000000000000000E+00
  1.000000000000000E+00
  1.000000000000000E+00
  1.000000000000000E+00
  1.000000000000000E+00
  1.000000000000000E+00
  1.000000000000000E+00
  1.000000000000000E+00
  1.000000000000000E+00
  1.000000000000000E+00
  1.000000000000000E+00
  1.000000000000000E+00
  1.000000000000000E+00
SCALARS Entrained_Volume_Fraction float
LOOKUP_TABLE default
  0.000000000000000E+00
  0.000000000000000E+00
  0.000000000000000E+00
  0.000000000000000E+00
  0.000000000000000E+00
  0.000000000000000E+00
  0.000000000000000E+00
  0.000000000000000E+00
  0.000000000000000E+00
  0.000000000000000E+00
  0.000000000000000E+00
  0.000000000000000E+00
  0.000000000000000E+00
  0.000000000000000E+00
  0.000000000000000E+00
  0.000000000000000E+00
  0.000000000000000E+00
  0.000000000000000E+00
  0.000000000000000E+00
  0.000000000000000E+00
SCALARS Vapor_Volume_Fraction float
LOOKUP_TABLE default
  0.000000000000000E+00
  0.000000000000000E+00
  0.000000000000000E+00
  0.000000000000000E+00
  0.000000000000000E+00
  0.000000000000000E+00
  0.000000000000000E+00
  0.000000000000000E+00
  0.000000000000000E+00
  0.000000000000000E+00
  0.000000000000000E+00
  0.000000000000000E+00
  0.000000000000000E+00
  0.000000000000000E+00
  0.000000000000000E+00
  0.000000000000000E+00
  0.000000000000000E+00
  0.000000000000000E+00
  0.000000000000000E+00
  0.000000000000000E+00
SCALARS Pressure float
LOOKUP_TABLE default
  1.652678342952947E+02
  1.652542940893324E+02
  1.652407693135409E+02
  1.652272600006659E+02
  1.652137661845056E+02
  1.652002878988202E+02
  1.651868251758986E+02
  1.651733780503359E+02
  1.651599465559534E+02
  1.651465307264007E+02
  1.651331305952443E+02
  1.651197461959788E+02
  1.651063775620274E+02
  1.650930247267394E+02
  1.650796877233859E+02
  1.650663665834092E+02
  1.650530613393082E+02
  1.650397720257760E+02
  1.650264986760772E+02
  1.650132413232070E+02
SCALARS Liquid_Enthalpy float
LOOKUP_TABLE default
  1.291611658789071E+03
  1.294079986625634E+03
  1.296547760787686E+03
  1.299014963724707E+03
  1.301481577535771E+03
  1.303947608114715E+03
  1.306413024216678E+03
  1.308877804920257E+03
  1.311341930655995E+03
  1.313805381848628E+03
  1.316268138688179E+03
  1.318730181058806E+03
  1.321191488508987E+03
  1.323652040236406E+03
  1.326111842844873E+03
  1.328570887754593E+03
  1.331029131068392E+03
  1.333486547178141E+03
  1.335943112368641E+03
  1.338398803274838E+03
SCALARS Vapor_Enthalpy float
LOOKUP_TABLE default
  2.568693940284235E+03
  2.568693940284235E+03
  2.568693940284235E+03
  2.568693940284235E+03
  2.568693940284235E+03
  2.568693940284235E+03
  2.568693940284235E+03
  2.568693940284235E+03
  2.568693940284235E+03
  2.568693940284235E+03
  2.568693940284235E+03
  2.568693940284235E+03
  2.568693940284235E+03
  2.568693940284235E+03
  2.568693940284235E+03
  2.568693940284235E+03
  2.568693940284235E+03
  2.568693940284235E+03
  2.568693940284235E+03
  2.568693940284235E+03
SCALARS Liquid_Density float
LOOKUP_TABLE default
  7.459299150752087E+02
  7.450252643326305E+02
  7.441184437041127E+02
  7.432094539092865E+02
  7.422982959174424E+02
  7.413849620202150E+02
  7.404694583121003E+02
  7.395517872265084E+02
  7.386319508305912E+02
  7.377099513274148E+02
  7.367857911429572E+02
  7.358594729551609E+02
  7.349309997078324E+02
  7.340003746191637E+02
  7.330675906737691E+02
  7.321326466573221E+02
  7.311955548974100E+02
  7.302563209813150E+02
  7.293149499396562E+02
  7.283714468302467E+02
SCALARS Vapor_Density float
LOOKUP_TABLE default
  1.132113675582275E+02
  1.132025396058286E+02
  1.131937115302370E+02
  1.131848833314679E+02
  1.131760550095361E+02
  1.131672265644566E+02
  1.131583979962447E+02
  1.131495693049151E+02
  1.131407404904829E+02
  1.131319115529632E+02
  1.131230824923709E+02
  1.131142533087211E+02
  1.131054240020287E+02
  1.130965945723088E+02
  1.130877650195765E+02
  1.130789353438466E+02
  1.130701055451343E+02
  1.130612756234545E+02
  1.130524455788223E+02
  1.130436154112527E+02
SCALARS Vapor_Generation float
LOOKUP_TABLE default
  0.000000000000000E+00
  0.000000000000000E+00
  0.000000000000000E+00
  0.000000000000000E+00
  0.000000000000000E+00
  0.000000000000000E+00
  0.000000000000000E+00
  0.000000000000000E+00
  0.000000000000000E+00
  0.000000000000000E+00
  0.000000000000000E+00
  0.000000000000000E+00
  0.000000000000000E+00
  0.000000000000000E+00
  0.000000000000000E+00
  0.000000000000000E+00
  0.000000000000000E+00
  0.000000000000000E+00
  0.000000000000000E+00
  0.000000000000000E+00
SCALARS Scalar_Cell_Flow_Area float
LOOKUP_TABLE default
  9.514275000000000E-05
  9.514275000000000E-05
  9.514275000000000E-05
  9.514275000000000E-05
  9.514275000000000E-05
  9.514275000000000E-05
  9.514275000000000E-05
  9.514275000000000E-05
  9.514275000000000E-05
  9.514275000000000E-05
  9.514275000000000E-05
  9.514275000000000E-05
  9.514275000000000E-05
  9.514275000000000E-05
  9.514275000000000E-05
  9.514275000000000E-05
  9.514275000000000E-05
  9.514275000000000E-05
  9.514275000000000E-05
  9.514275000000000E-05
SCALARS Channel_Wetted_Perimeter float
LOOKUP_TABLE default
  2.827433000000000E-02
  2.827433000000000E-02
  2.827433000000000E-02
  2.827433000000000E-02
  2.827433000000000E-02
  2.827433000000000E-02
  2.827433000000000E-02
  2.827433000000000E-02
  2.827433000000000E-02
  2.827433000000000E-02
  2.827433000000000E-02
  2.827433000000000E-02
  2.827433000000000E-02
  2.827433000000000E-02
  2.827433000000000E-02
  2.827433000000000E-02
  2.827433000000000E-02
  2.827433000000000E-02
  2.827433000000000E-02
  2.827433000000000E-02
SCALARS Equilibrium_Quality float
LOOKUP_TABLE default
                    NaN
                    NaN
                    NaN
                    NaN
                    NaN
                    NaN
                    NaN
                    NaN
                    NaN
                    NaN
                    NaN
                    NaN
                    NaN
                    NaN
                    NaN
                    NaN
                    NaN
                    NaN
                    NaN
                    NaN
SCALARS Mixture_Temperature_C float
LOOKUP_TABLE default
                    NaN
                    NaN
                    NaN
                    NaN
                    NaN
                    NaN
                    NaN
                    NaN
                    NaN
                    NaN
                    NaN
                    NaN
                    NaN
                    NaN
                    NaN
                    NaN
                    NaN
                    NaN
                    NaN
                    NaN
SCALARS Mixture_Mass_Flux_kg/s/m**2 float
LOOKUP_TABLE default
                    NaN
                    NaN
                    NaN
                    NaN
                    NaN
                    NaN
                    NaN
                    NaN
                    NaN
                    NaN
                    NaN
                    NaN
                    NaN
                    NaN
                    NaN
                    NaN
                    NaN
                    NaN
                    NaN
                    NaN
VECTORS Liquid_velocity float
  0.000000000000000E+00  0.000000000000000E+00  4.227155054181479E+00
  0.000000000000000E+00  0.000000000000000E+00  4.232286699836342E+00
  0.000000000000000E+00  0.000000000000000E+00  4.237445062354558E+00
  0.000000000000000E+00  0.000000000000000E+00  4.242628714931717E+00
  0.000000000000000E+00  0.000000000000000E+00  4.247837819380509E+00
  0.000000000000000E+00  0.000000000000000E+00  4.253072543822722E+00
  0.000000000000000E+00  0.000000000000000E+00  4.258333036111535E+00
  0.000000000000000E+00  0.000000000000000E+00  4.263619437051143E+00
  0.000000000000000E+00  0.000000000000000E+00  4.268931895255881E+00
  0.000000000000000E+00  0.000000000000000E+00  4.274270560857013E+00
  0.000000000000000E+00  0.000000000000000E+00  4.279635584489622E+00
  0.000000000000000E+00  0.000000000000000E+00  4.285027117067438E+00
  0.000000000000000E+00  0.000000000000000E+00  4.290445309692825E+00
  0.000000000000000E+00  0.000000000000000E+00  4.295890329011036E+00
  0.000000000000000E+00  0.000000000000000E+00  4.301362364610140E+00
  0.000000000000000E+00  0.000000000000000E+00  4.306861585786249E+00
  0.000000000000000E+00  0.000000000000000E+00  4.312388125002961E+00
  0.000000000000000E+00  0.000000000000000E+00  4.317942117330020E+00
  0.000000000000000E+00  0.000000000000000E+00  4.323523711186343E+00
  0.000000000000000E+00  0.000000000000000E+00  4.327727038189169E+00
VECTORS Vapor_velocity float
  0.000000000000000E+00  0.000000000000000E+00                    NaN
  0.000000000000000E+00  0.000000000000000E+00                    NaN
  0.000000000000000E+00  0.000000000000000E+00                    NaN
  0.000000000000000E+00  0.000000000000000E+00                    NaN
  0.000000000000000E+00  0.000000000000000E+00                    NaN
  0.000000000000000E+00  0.000000000000000E+00                    NaN
  0.000000000000000E+00  0.000000000000000E+00                    NaN
  0.000000000000000E+00  0.000000000000000E+00                    NaN
  0.000000000000000E+00  0.000000000000000E+00                    NaN
  0.000000000000000E+00  0.000000000000000E+00                    NaN
  0.000000000000000E+00  0.000000000000000E+00                    NaN
  0.000000000000000E+00  0.000000000000000E+00                    NaN
  0.000000000000000E+00  0.000000000000000E+00                    NaN
  0.000000000000000E+00  0.000000000000000E+00                    NaN
  0.000000000000000E+00  0.000000000000000E+00                    NaN
  0.000000000000000E+00  0.000000000000000E+00                    NaN
  0.000000000000000E+00  0.000000000000000E+00                    NaN
  0.000000000000000E+00  0.000000000000000E+00                    NaN
  0.000000000000000E+00  0.000000000000000E+00                    NaN
  0.000000000000000E+00  0.000000000000000E+00                    NaN
VECTORS Droplet_velocity float
  0.000000000000000E+00  0.000000000000000E+00                    NaN
  0.000000000000000E+00  0.000000000000000E+00                    NaN
  0.000000000000000E+00  0.000000000000000E+00                    NaN
  0.000000000000000E+00  0.000000000000000E+00                    NaN
  0.000000000000000E+00  0.000000000000000E+00                    NaN
  0.000000000000000E+00  0.000000000000000E+00                    NaN
  0.000000000000000E+00  0.000000000000000E+00                    NaN
  0.000000000000000E+00  0.000000000000000E+00                    NaN
  0.000000000000000E+00  0.000000000000000E+00                    NaN
  0.000000000000000E+00  0.000000000000000E+00                    NaN
  0.000000000000000E+00  0.000000000000000E+00                    NaN
  0.000000000000000E+00  0.000000000000000E+00                    NaN
  0.000000000000000E+00  0.000000000000000E+00                    NaN
  0.000000000000000E+00  0.000000000000000E+00                    NaN
  0.000000000000000E+00  0.000000000000000E+00                    NaN
  0.000000000000000E+00  0.000000000000000E+00                    NaN
  0.000000000000000E+00  0.000000000000000E+00                    NaN
  0.000000000000000E+00  0.000000000000000E+00                    NaN
  0.000000000000000E+00  0.000000000000000E+00                    NaN
  0.000000000000000E+00  0.000000000000000E+00                    NaN
