# vtk DataFile Version 2.0
Scalar Data
ASCII
DATASET UNSTRUCTURED_GRID
FIELD FieldData 2
Time 1 1 double
  2.300000000000002E+00
  dt 1 1 double
  2.000000000000000E-02
POINTS         160 double
 -7.00000000E-03 -7.00000000E-03  0.00000000E+00
  0.00000000E+00 -7.00000000E-03  0.00000000E+00
 -7.00000000E-03  0.00000000E+00  0.00000000E+00
  0.00000000E+00  0.00000000E+00  0.00000000E+00
 -7.00000000E-03 -7.00000000E-03  1.82900000E-01
  0.00000000E+00 -7.00000000E-03  1.82900000E-01
 -7.00000000E-03  0.00000000E+00  1.82900000E-01
  0.00000000E+00  0.00000000E+00  1.82900000E-01
 -7.00000000E-03 -7.00000000E-03  1.82900000E-01
  0.00000000E+00 -7.00000000E-03  1.82900000E-01
 -7.00000000E-03  0.00000000E+00  1.82900000E-01
  0.00000000E+00  0.00000000E+00  1.82900000E-01
 -7.00000000E-03 -7.00000000E-03  3.65800000E-01
  0.00000000E+00 -7.00000000E-03  3.65800000E-01
 -7.00000000E-03  0.00000000E+00  3.65800000E-01
  0.00000000E+00  0.00000000E+00  3.65800000E-01
 -7.00000000E-03 -7.00000000E-03  3.65800000E-01
  0.00000000E+00 -7.00000000E-03  3.65800000E-01
 -7.00000000E-03  0.00000000E+00  3.65800000E-01
  0.00000000E+00  0.00000000E+00  3.65800000E-01
 -7.00000000E-03 -7.00000000E-03  5.48700000E-01
  0.00000000E+00 -7.00000000E-03  5.48700000E-01
 -7.00000000E-03  0.00000000E+00  5.48700000E-01
  0.00000000E+00  0.00000000E+00  5.48700000E-01
 -7.00000000E-03 -7.00000000E-03  5.48700000E-01
  0.00000000E+00 -7.00000000E-03  5.48700000E-01
 -7.00000000E-03  0.00000000E+00  5.48700000E-01
  0.00000000E+00  0.00000000E+00  5.48700000E-01
 -7.00000000E-03 -7.00000000E-03  7.31600000E-01
  0.00000000E+00 -7.00000000E-03  7.31600000E-01
 -7.00000000E-03  0.00000000E+00  7.31600000E-01
  0.00000000E+00  0.00000000E+00  7.31600000E-01
 -7.00000000E-03 -7.00000000E-03  7.31600000E-01
  0.00000000E+00 -7.00000000E-03  7.31600000E-01
 -7.00000000E-03  0.00000000E+00  7.31600000E-01
  0.00000000E+00  0.00000000E+00  7.31600000E-01
 -7.00000000E-03 -7.00000000E-03  9.14500000E-01
  0.00000000E+00 -7.00000000E-03  9.14500000E-01
 -7.00000000E-03  0.00000000E+00  9.14500000E-01
  0.00000000E+00  0.00000000E+00  9.14500000E-01
 -7.00000000E-03 -7.00000000E-03  9.14500000E-01
  0.00000000E+00 -7.00000000E-03  9.14500000E-01
 -7.00000000E-03  0.00000000E+00  9.14500000E-01
  0.00000000E+00  0.00000000E+00  9.14500000E-01
 -7.00000000E-03 -7.00000000E-03  1.09740000E+00
  0.00000000E+00 -7.00000000E-03  1.09740000E+00
 -7.00000000E-03  0.00000000E+00  1.09740000E+00
  0.00000000E+00  0.00000000E+00  1.09740000E+00
 -7.00000000E-03 -7.00000000E-03  1.09740000E+00
  0.00000000E+00 -7.00000000E-03  1.09740000E+00
 -7.00000000E-03  0.00000000E+00  1.09740000E+00
  0.00000000E+00  0.00000000E+00  1.09740000E+00
 -7.00000000E-03 -7.00000000E-03  1.28030000E+00
  0.00000000E+00 -7.00000000E-03  1.28030000E+00
 -7.00000000E-03  0.00000000E+00  1.28030000E+00
  0.00000000E+00  0.00000000E+00  1.28030000E+00
 -7.00000000E-03 -7.00000000E-03  1.28030000E+00
  0.00000000E+00 -7.00000000E-03  1.28030000E+00
 -7.00000000E-03  0.00000000E+00  1.28030000E+00
  0.00000000E+00  0.00000000E+00  1.28030000E+00
 -7.00000000E-03 -7.00000000E-03  1.46320000E+00
  0.00000000E+00 -7.00000000E-03  1.46320000E+00
 -7.00000000E-03  0.00000000E+00  1.46320000E+00
  0.00000000E+00  0.00000000E+00  1.46320000E+00
 -7.00000000E-03 -7.00000000E-03  1.46320000E+00
  0.00000000E+00 -7.00000000E-03  1.46320000E+00
 -7.00000000E-03  0.00000000E+00  1.46320000E+00
  0.00000000E+00  0.00000000E+00  1.46320000E+00
 -7.00000000E-03 -7.00000000E-03  1.64610000E+00
  0.00000000E+00 -7.00000000E-03  1.64610000E+00
 -7.00000000E-03  0.00000000E+00  1.64610000E+00
  0.00000000E+00  0.00000000E+00  1.64610000E+00
 -7.00000000E-03 -7.00000000E-03  1.64610000E+00
  0.00000000E+00 -7.00000000E-03  1.64610000E+00
 -7.00000000E-03  0.00000000E+00  1.64610000E+00
  0.00000000E+00  0.00000000E+00  1.64610000E+00
 -7.00000000E-03 -7.00000000E-03  1.82900000E+00
  0.00000000E+00 -7.00000000E-03  1.82900000E+00
 -7.00000000E-03  0.00000000E+00  1.82900000E+00
  0.00000000E+00  0.00000000E+00  1.82900000E+00
 -7.00000000E-03 -7.00000000E-03  1.82900000E+00
  0.00000000E+00 -7.00000000E-03  1.82900000E+00
 -7.00000000E-03  0.00000000E+00  1.82900000E+00
  0.00000000E+00  0.00000000E+00  1.82900000E+00
 -7.00000000E-03 -7.00000000E-03  2.01190000E+00
  0.00000000E+00 -7.00000000E-03  2.01190000E+00
 -7.00000000E-03  0.00000000E+00  2.01190000E+00
  0.00000000E+00  0.00000000E+00  2.01190000E+00
 -7.00000000E-03 -7.00000000E-03  2.01190000E+00
  0.00000000E+00 -7.00000000E-03  2.01190000E+00
 -7.00000000E-03  0.00000000E+00  2.01190000E+00
  0.00000000E+00  0.00000000E+00  2.01190000E+00
 -7.00000000E-03 -7.00000000E-03  2.19480000E+00
  0.00000000E+00 -7.00000000E-03  2.19480000E+00
 -7.00000000E-03  0.00000000E+00  2.19480000E+00
  0.00000000E+00  0.00000000E+00  2.19480000E+00
 -7.00000000E-03 -7.00000000E-03  2.19480000E+00
  0.00000000E+00 -7.00000000E-03  2.19480000E+00
 -7.00000000E-03  0.00000000E+00  2.19480000E+00
  0.00000000E+00  0.00000000E+00  2.19480000E+00
 -7.00000000E-03 -7.00000000E-03  2.37770000E+00
  0.00000000E+00 -7.00000000E-03  2.37770000E+00
 -7.00000000E-03  0.00000000E+00  2.37770000E+00
  0.00000000E+00  0.00000000E+00  2.37770000E+00
 -7.00000000E-03 -7.00000000E-03  2.37770000E+00
  0.00000000E+00 -7.00000000E-03  2.37770000E+00
 -7.00000000E-03  0.00000000E+00  2.37770000E+00
  0.00000000E+00  0.00000000E+00  2.37770000E+00
 -7.00000000E-03 -7.00000000E-03  2.56060000E+00
  0.00000000E+00 -7.00000000E-03  2.56060000E+00
 -7.00000000E-03  0.00000000E+00  2.56060000E+00
  0.00000000E+00  0.00000000E+00  2.56060000E+00
 -7.00000000E-03 -7.00000000E-03  2.56060000E+00
  0.00000000E+00 -7.00000000E-03  2.56060000E+00
 -7.00000000E-03  0.00000000E+00  2.56060000E+00
  0.00000000E+00  0.00000000E+00  2.56060000E+00
 -7.00000000E-03 -7.00000000E-03  2.74350000E+00
  0.00000000E+00 -7.00000000E-03  2.74350000E+00
 -7.00000000E-03  0.00000000E+00  2.74350000E+00
  0.00000000E+00  0.00000000E+00  2.74350000E+00
 -7.00000000E-03 -7.00000000E-03  2.74350000E+00
  0.00000000E+00 -7.00000000E-03  2.74350000E+00
 -7.00000000E-03  0.00000000E+00  2.74350000E+00
  0.00000000E+00  0.00000000E+00  2.74350000E+00
 -7.00000000E-03 -7.00000000E-03  2.92640000E+00
  0.00000000E+00 -7.00000000E-03  2.92640000E+00
 -7.00000000E-03  0.00000000E+00  2.92640000E+00
  0.00000000E+00  0.00000000E+00  2.92640000E+00
 -7.00000000E-03 -7.00000000E-03  2.92640000E+00
  0.00000000E+00 -7.00000000E-03  2.92640000E+00
 -7.00000000E-03  0.00000000E+00  2.92640000E+00
  0.00000000E+00  0.00000000E+00  2.92640000E+00
 -7.00000000E-03 -7.00000000E-03  3.10930000E+00
  0.00000000E+00 -7.00000000E-03  3.10930000E+00
 -7.00000000E-03  0.00000000E+00  3.10930000E+00
  0.00000000E+00  0.00000000E+00  3.10930000E+00
 -7.00000000E-03 -7.00000000E-03  3.10930000E+00
  0.00000000E+00 -7.00000000E-03  3.10930000E+00
 -7.00000000E-03  0.00000000E+00  3.10930000E+00
  0.00000000E+00  0.00000000E+00  3.10930000E+00
 -7.00000000E-03 -7.00000000E-03  3.29220000E+00
  0.00000000E+00 -7.00000000E-03  3.29220000E+00
 -7.00000000E-03  0.00000000E+00  3.29220000E+00
  0.00000000E+00  0.00000000E+00  3.29220000E+00
 -7.00000000E-03 -7.00000000E-03  3.29220000E+00
  0.00000000E+00 -7.00000000E-03  3.29220000E+00
 -7.00000000E-03  0.00000000E+00  3.29220000E+00
  0.00000000E+00  0.00000000E+00  3.29220000E+00
 -7.00000000E-03 -7.00000000E-03  3.47510000E+00
  0.00000000E+00 -7.00000000E-03  3.47510000E+00
 -7.00000000E-03  0.00000000E+00  3.47510000E+00
  0.00000000E+00  0.00000000E+00  3.47510000E+00
 -7.00000000E-03 -7.00000000E-03  3.47510000E+00
  0.00000000E+00 -7.00000000E-03  3.47510000E+00
 -7.00000000E-03  0.00000000E+00  3.47510000E+00
  0.00000000E+00  0.00000000E+00  3.47510000E+00
 -7.00000000E-03 -7.00000000E-03  3.65800000E+00
  0.00000000E+00 -7.00000000E-03  3.65800000E+00
 -7.00000000E-03  0.00000000E+00  3.65800000E+00
  0.00000000E+00  0.00000000E+00  3.65800000E+00
CELLS        20       180
         8         0         1         2         3         4         5         6         7
         8         8         9        10        11        12        13        14        15
         8        16        17        18        19        20        21        22        23
         8        24        25        26        27        28        29        30        31
         8        32        33        34        35        36        37        38        39
         8        40        41        42        43        44        45        46        47
         8        48        49        50        51        52        53        54        55
         8        56        57        58        59        60        61        62        63
         8        64        65        66        67        68        69        70        71
         8        72        73        74        75        76        77        78        79
         8        80        81        82        83        84        85        86        87
         8        88        89        90        91        92        93        94        95
         8        96        97        98        99       100       101       102       103
         8       104       105       106       107       108       109       110       111
         8       112       113       114       115       116       117       118       119
         8       120       121       122       123       124       125       126       127
         8       128       129       130       131       132       133       134       135
         8       136       137       138       139       140       141       142       143
         8       144       145       146       147       148       149       150       151
         8       152       153       154       155       156       157       158       159
CELL_TYPES      20
11
11
11
11
11
11
11
11
11
11
11
11
11
11
11
11
11
11
11
11
CELL_DATA      20
SCALARS Liquid_Volume_Fraction float
LOOKUP_TABLE default
  1.000000000000000E+00
  1.000000000000000E+00
  1.000000000000000E+00
  1.000000000000000E+00
  1.000000000000000E+00
  1.000000000000000E+00
  1.000000000000000E+00
  1.000000000000000E+00
  1.000000000000000E+00
  1.000000000000000E+00
  1.000000000000000E+00
  1.000000000000000E+00
  1.000000000000000E+00
  1.000000000000000E+00
  1.000000000000000E+00
  1.000000000000000E+00
  1.000000000000000E+00
  1.000000000000000E+00
  1.000000000000000E+00
  1.000000000000000E+00
SCALARS Entrained_Volume_Fraction float
LOOKUP_TABLE default
  0.000000000000000E+00
  0.000000000000000E+00
  0.000000000000000E+00
  0.000000000000000E+00
  0.000000000000000E+00
  0.000000000000000E+00
  0.000000000000000E+00
  0.000000000000000E+00
  0.000000000000000E+00
  0.000000000000000E+00
  0.000000000000000E+00
  0.000000000000000E+00
  0.000000000000000E+00
  0.000000000000000E+00
  0.000000000000000E+00
  0.000000000000000E+00
  0.000000000000000E+00
  0.000000000000000E+00
  0.000000000000000E+00
  0.000000000000000E+00
SCALARS Vapor_Volume_Fraction float
LOOKUP_TABLE default
  0.000000000000000E+00
  0.000000000000000E+00
  0.000000000000000E+00
  0.000000000000000E+00
  0.000000000000000E+00
  0.000000000000000E+00
  0.000000000000000E+00
  0.000000000000000E+00
  0.000000000000000E+00
  0.000000000000000E+00
  0.000000000000000E+00
  0.000000000000000E+00
  0.000000000000000E+00
  0.000000000000000E+00
  0.000000000000000E+00
  0.000000000000000E+00
  0.000000000000000E+00
  0.000000000000000E+00
  0.000000000000000E+00
  0.000000000000000E+00
SCALARS Pressure float
LOOKUP_TABLE default
  1.652684821823215E+02
  1.652549907649206E+02
  1.652415075177500E+02
  1.652280321266897E+02
  1.652145644442713E+02
  1.652011043207516E+02
  1.651876516041133E+02
  1.651742061400728E+02
  1.651607677720881E+02
  1.651473363413677E+02
  1.651339116868799E+02
  1.651204936326068E+02
  1.651070819770538E+02
  1.650936765885330E+02
  1.650802773013894E+02
  1.650668839453593E+02
  1.650534963475181E+02
  1.650401143326394E+02
  1.650267377232641E+02
  1.650133663396936E+02
SCALARS Liquid_Enthalpy float
LOOKUP_TABLE default
  1.290498805686094E+03
  1.291828894061759E+03
  1.293134989541536E+03
  1.294416853141580E+03
  1.295674247173012E+03
  1.296906935257108E+03
  1.298114682339339E+03
  1.299297254703457E+03
  1.300454419985565E+03
  1.301585947188158E+03
  1.302691648025806E+03
  1.303771803465169E+03
  1.304825830004832E+03
  1.305853426654661E+03
  1.306854357871737E+03
  1.307828400669994E+03
  1.308775340493507E+03
  1.309694964199993E+03
  1.310587053570700E+03
  1.311451385346825E+03
SCALARS Vapor_Enthalpy float
LOOKUP_TABLE default
  2.568693940284235E+03
  2.568693940284235E+03
  2.568693940284235E+03
  2.568693940284235E+03
  2.568693940284235E+03
  2.568693940284235E+03
  2.568693940284235E+03
  2.568693940284235E+03
  2.568693940284235E+03
  2.568693940284235E+03
  2.568693940284235E+03
  2.568693940284235E+03
  2.568693940284235E+03
  2.568693940284235E+03
  2.568693940284235E+03
  2.568693940284235E+03
  2.568693940284235E+03
  2.568693940284235E+03
  2.568693940284235E+03
  2.568693940284235E+03
SCALARS Liquid_Density float
LOOKUP_TABLE default
  7.463360209860959E+02
  7.458482879006613E+02
  7.453686360282280E+02
  7.448971883055464E+02
  7.444340671482237E+02
  7.439793943847935E+02
  7.435332912214817E+02
  7.430958782068021E+02
  7.426672751960292E+02
  7.422476013155476E+02
  7.418369596602919E+02
  7.414352794381605E+02
  7.410428087320794E+02
  7.406596912007914E+02
  7.402860459715068E+02
  7.399219871271442E+02
  7.395676251881255E+02
  7.392230696801305E+02
  7.388884315218169E+02
  7.385638229926168E+02
SCALARS Vapor_Density float
LOOKUP_TABLE default
  1.132113675582275E+02
  1.132025396058286E+02
  1.131937115302370E+02
  1.131848833314679E+02
  1.131760550095361E+02
  1.131672265644566E+02
  1.131583979962447E+02
  1.131495693049151E+02
  1.131407404904829E+02
  1.131319115529632E+02
  1.131230824923709E+02
  1.131142533087211E+02
  1.131054240020287E+02
  1.130965945723088E+02
  1.130877650195765E+02
  1.130789353438466E+02
  1.130701055451343E+02
  1.130612756234545E+02
  1.130524455788223E+02
  1.130436154112527E+02
SCALARS Vapor_Generation float
LOOKUP_TABLE default
  0.000000000000000E+00
  0.000000000000000E+00
  0.000000000000000E+00
  0.000000000000000E+00
  0.000000000000000E+00
  0.000000000000000E+00
  0.000000000000000E+00
  0.000000000000000E+00
  0.000000000000000E+00
  0.000000000000000E+00
  0.000000000000000E+00
  0.000000000000000E+00
  0.000000000000000E+00
  0.000000000000000E+00
  0.000000000000000E+00
  0.000000000000000E+00
  0.000000000000000E+00
  0.000000000000000E+00
  0.000000000000000E+00
  0.000000000000000E+00
SCALARS Scalar_Cell_Flow_Area float
LOOKUP_TABLE default
  8.787781999999999E-05
  8.787781999999999E-05
  8.787781999999999E-05
  8.787781999999999E-05
  8.787781999999999E-05
  8.787781999999999E-05
  8.787781999999999E-05
  8.787781999999999E-05
  8.787781999999999E-05
  8.787781999999999E-05
  8.787781999999999E-05
  8.787781999999999E-05
  8.787781999999999E-05
  8.787781999999999E-05
  8.787781999999999E-05
  8.787781999999999E-05
  8.787781999999999E-05
  8.787781999999999E-05
  8.787781999999999E-05
  8.787781999999999E-05
SCALARS Channel_Wetted_Perimeter float
LOOKUP_TABLE default
  2.984513000000000E-02
  2.984513000000000E-02
  2.984513000000000E-02
  2.984513000000000E-02
  2.984513000000000E-02
  2.984513000000000E-02
  2.984513000000000E-02
  2.984513000000000E-02
  2.984513000000000E-02
  2.984513000000000E-02
  2.984513000000000E-02
  2.984513000000000E-02
  2.984513000000000E-02
  2.984513000000000E-02
  2.984513000000000E-02
  2.984513000000000E-02
  2.984513000000000E-02
  2.984513000000000E-02
  2.984513000000000E-02
  2.984513000000000E-02
SCALARS Equilibrium_Quality float
LOOKUP_TABLE default
                    NaN
                    NaN
                    NaN
                    NaN
                    NaN
                    NaN
                    NaN
                    NaN
                    NaN
                    NaN
                    NaN
                    NaN
                    NaN
                    NaN
                    NaN
                    NaN
                    NaN
                    NaN
                    NaN
                    NaN
SCALARS Mixture_Temperature_C float
LOOKUP_TABLE default
                    NaN
                    NaN
                    NaN
                    NaN
                    NaN
                    NaN
                    NaN
                    NaN
                    NaN
                    NaN
                    NaN
                    NaN
                    NaN
                    NaN
                    NaN
                    NaN
                    NaN
                    NaN
                    NaN
                    NaN
SCALARS Mixture_Mass_Flux_kg/s/m**2 float
LOOKUP_TABLE default
                    NaN
                    NaN
                    NaN
                    NaN
                    NaN
                    NaN
                    NaN
                    NaN
                    NaN
                    NaN
                    NaN
                    NaN
                    NaN
                    NaN
                    NaN
                    NaN
                    NaN
                    NaN
                    NaN
                    NaN
VECTORS Liquid_velocity float
  0.000000000000000E+00  0.000000000000000E+00  4.574117154770707E+00
  0.000000000000000E+00  0.000000000000000E+00  4.577140295325338E+00
  0.000000000000000E+00  0.000000000000000E+00  4.580151385346742E+00
  0.000000000000000E+00  0.000000000000000E+00  4.583149701409859E+00
  0.000000000000000E+00  0.000000000000000E+00  4.586135000809812E+00
  0.000000000000000E+00  0.000000000000000E+00  4.589107046189754E+00
  0.000000000000000E+00  0.000000000000000E+00  4.592065605873864E+00
  0.000000000000000E+00  0.000000000000000E+00  4.595010454162397E+00
  0.000000000000000E+00  0.000000000000000E+00  4.597941371633478E+00
  0.000000000000000E+00  0.000000000000000E+00  4.600858169125268E+00
  0.000000000000000E+00  0.000000000000000E+00  4.603761027289886E+00
  0.000000000000000E+00  0.000000000000000E+00  4.606650179155869E+00
  0.000000000000000E+00  0.000000000000000E+00  4.609525231297829E+00
  0.000000000000000E+00  0.000000000000000E+00  4.612385726936186E+00
  0.000000000000000E+00  0.000000000000000E+00  4.615231483611722E+00
  0.000000000000000E+00  0.000000000000000E+00  4.618062328633346E+00
  0.000000000000000E+00  0.000000000000000E+00  4.620878099357771E+00
  0.000000000000000E+00  0.000000000000000E+00  4.623678636072858E+00
  0.000000000000000E+00  0.000000000000000E+00  4.626463785551454E+00
  0.000000000000000E+00  0.000000000000000E+00  4.628740501464632E+00
VECTORS Vapor_velocity float
  0.000000000000000E+00  0.000000000000000E+00                    NaN
  0.000000000000000E+00  0.000000000000000E+00                    NaN
  0.000000000000000E+00  0.000000000000000E+00                    NaN
  0.000000000000000E+00  0.000000000000000E+00                    NaN
  0.000000000000000E+00  0.000000000000000E+00                    NaN
  0.000000000000000E+00  0.000000000000000E+00                    NaN
  0.000000000000000E+00  0.000000000000000E+00                    NaN
  0.000000000000000E+00  0.000000000000000E+00                    NaN
  0.000000000000000E+00  0.000000000000000E+00                    NaN
  0.000000000000000E+00  0.000000000000000E+00                    NaN
  0.000000000000000E+00  0.000000000000000E+00                    NaN
  0.000000000000000E+00  0.000000000000000E+00                    NaN
  0.000000000000000E+00  0.000000000000000E+00                    NaN
  0.000000000000000E+00  0.000000000000000E+00                    NaN
  0.000000000000000E+00  0.000000000000000E+00                    NaN
  0.000000000000000E+00  0.000000000000000E+00                    NaN
  0.000000000000000E+00  0.000000000000000E+00                    NaN
  0.000000000000000E+00  0.000000000000000E+00                    NaN
  0.000000000000000E+00  0.000000000000000E+00                    NaN
  0.000000000000000E+00  0.000000000000000E+00                    NaN
VECTORS Droplet_velocity float
  0.000000000000000E+00  0.000000000000000E+00                    NaN
  0.000000000000000E+00  0.000000000000000E+00                    NaN
  0.000000000000000E+00  0.000000000000000E+00                    NaN
  0.000000000000000E+00  0.000000000000000E+00                    NaN
  0.000000000000000E+00  0.000000000000000E+00                    NaN
  0.000000000000000E+00  0.000000000000000E+00                    NaN
  0.000000000000000E+00  0.000000000000000E+00                    NaN
  0.000000000000000E+00  0.000000000000000E+00                    NaN
  0.000000000000000E+00  0.000000000000000E+00                    NaN
  0.000000000000000E+00  0.000000000000000E+00                    NaN
  0.000000000000000E+00  0.000000000000000E+00                    NaN
  0.000000000000000E+00  0.000000000000000E+00                    NaN
  0.000000000000000E+00  0.000000000000000E+00                    NaN
  0.000000000000000E+00  0.000000000000000E+00                    NaN
  0.000000000000000E+00  0.000000000000000E+00                    NaN
  0.000000000000000E+00  0.000000000000000E+00                    NaN
  0.000000000000000E+00  0.000000000000000E+00                    NaN
  0.000000000000000E+00  0.000000000000000E+00                    NaN
  0.000000000000000E+00  0.000000000000000E+00                    NaN
  0.000000000000000E+00  0.000000000000000E+00                    NaN
