# vtk DataFile Version 2.0
Scalar Data
ASCII
DATASET UNSTRUCTURED_GRID
FIELD FieldData 2
Time 1 1 double
  7.052313238713049E-01
  dt 1 1 double
  1.000000000000000E-02
POINTS         160 double
 -7.00000000E-03 -7.00000000E-03  0.00000000E+00
  0.00000000E+00 -7.00000000E-03  0.00000000E+00
 -7.00000000E-03  0.00000000E+00  0.00000000E+00
  0.00000000E+00  0.00000000E+00  0.00000000E+00
 -7.00000000E-03 -7.00000000E-03  1.82900000E-01
  0.00000000E+00 -7.00000000E-03  1.82900000E-01
 -7.00000000E-03  0.00000000E+00  1.82900000E-01
  0.00000000E+00  0.00000000E+00  1.82900000E-01
 -7.00000000E-03 -7.00000000E-03  1.82900000E-01
  0.00000000E+00 -7.00000000E-03  1.82900000E-01
 -7.00000000E-03  0.00000000E+00  1.82900000E-01
  0.00000000E+00  0.00000000E+00  1.82900000E-01
 -7.00000000E-03 -7.00000000E-03  3.65800000E-01
  0.00000000E+00 -7.00000000E-03  3.65800000E-01
 -7.00000000E-03  0.00000000E+00  3.65800000E-01
  0.00000000E+00  0.00000000E+00  3.65800000E-01
 -7.00000000E-03 -7.00000000E-03  3.65800000E-01
  0.00000000E+00 -7.00000000E-03  3.65800000E-01
 -7.00000000E-03  0.00000000E+00  3.65800000E-01
  0.00000000E+00  0.00000000E+00  3.65800000E-01
 -7.00000000E-03 -7.00000000E-03  5.48700000E-01
  0.00000000E+00 -7.00000000E-03  5.48700000E-01
 -7.00000000E-03  0.00000000E+00  5.48700000E-01
  0.00000000E+00  0.00000000E+00  5.48700000E-01
 -7.00000000E-03 -7.00000000E-03  5.48700000E-01
  0.00000000E+00 -7.00000000E-03  5.48700000E-01
 -7.00000000E-03  0.00000000E+00  5.48700000E-01
  0.00000000E+00  0.00000000E+00  5.48700000E-01
 -7.00000000E-03 -7.00000000E-03  7.31600000E-01
  0.00000000E+00 -7.00000000E-03  7.31600000E-01
 -7.00000000E-03  0.00000000E+00  7.31600000E-01
  0.00000000E+00  0.00000000E+00  7.31600000E-01
 -7.00000000E-03 -7.00000000E-03  7.31600000E-01
  0.00000000E+00 -7.00000000E-03  7.31600000E-01
 -7.00000000E-03  0.00000000E+00  7.31600000E-01
  0.00000000E+00  0.00000000E+00  7.31600000E-01
 -7.00000000E-03 -7.00000000E-03  9.14500000E-01
  0.00000000E+00 -7.00000000E-03  9.14500000E-01
 -7.00000000E-03  0.00000000E+00  9.14500000E-01
  0.00000000E+00  0.00000000E+00  9.14500000E-01
 -7.00000000E-03 -7.00000000E-03  9.14500000E-01
  0.00000000E+00 -7.00000000E-03  9.14500000E-01
 -7.00000000E-03  0.00000000E+00  9.14500000E-01
  0.00000000E+00  0.00000000E+00  9.14500000E-01
 -7.00000000E-03 -7.00000000E-03  1.09740000E+00
  0.00000000E+00 -7.00000000E-03  1.09740000E+00
 -7.00000000E-03  0.00000000E+00  1.09740000E+00
  0.00000000E+00  0.00000000E+00  1.09740000E+00
 -7.00000000E-03 -7.00000000E-03  1.09740000E+00
  0.00000000E+00 -7.00000000E-03  1.09740000E+00
 -7.00000000E-03  0.00000000E+00  1.09740000E+00
  0.00000000E+00  0.00000000E+00  1.09740000E+00
 -7.00000000E-03 -7.00000000E-03  1.28030000E+00
  0.00000000E+00 -7.00000000E-03  1.28030000E+00
 -7.00000000E-03  0.00000000E+00  1.28030000E+00
  0.00000000E+00  0.00000000E+00  1.28030000E+00
 -7.00000000E-03 -7.00000000E-03  1.28030000E+00
  0.00000000E+00 -7.00000000E-03  1.28030000E+00
 -7.00000000E-03  0.00000000E+00  1.28030000E+00
  0.00000000E+00  0.00000000E+00  1.28030000E+00
 -7.00000000E-03 -7.00000000E-03  1.46320000E+00
  0.00000000E+00 -7.00000000E-03  1.46320000E+00
 -7.00000000E-03  0.00000000E+00  1.46320000E+00
  0.00000000E+00  0.00000000E+00  1.46320000E+00
 -7.00000000E-03 -7.00000000E-03  1.46320000E+00
  0.00000000E+00 -7.00000000E-03  1.46320000E+00
 -7.00000000E-03  0.00000000E+00  1.46320000E+00
  0.00000000E+00  0.00000000E+00  1.46320000E+00
 -7.00000000E-03 -7.00000000E-03  1.64610000E+00
  0.00000000E+00 -7.00000000E-03  1.64610000E+00
 -7.00000000E-03  0.00000000E+00  1.64610000E+00
  0.00000000E+00  0.00000000E+00  1.64610000E+00
 -7.00000000E-03 -7.00000000E-03  1.64610000E+00
  0.00000000E+00 -7.00000000E-03  1.64610000E+00
 -7.00000000E-03  0.00000000E+00  1.64610000E+00
  0.00000000E+00  0.00000000E+00  1.64610000E+00
 -7.00000000E-03 -7.00000000E-03  1.82900000E+00
  0.00000000E+00 -7.00000000E-03  1.82900000E+00
 -7.00000000E-03  0.00000000E+00  1.82900000E+00
  0.00000000E+00  0.00000000E+00  1.82900000E+00
 -7.00000000E-03 -7.00000000E-03  1.82900000E+00
  0.00000000E+00 -7.00000000E-03  1.82900000E+00
 -7.00000000E-03  0.00000000E+00  1.82900000E+00
  0.00000000E+00  0.00000000E+00  1.82900000E+00
 -7.00000000E-03 -7.00000000E-03  2.01190000E+00
  0.00000000E+00 -7.00000000E-03  2.01190000E+00
 -7.00000000E-03  0.00000000E+00  2.01190000E+00
  0.00000000E+00  0.00000000E+00  2.01190000E+00
 -7.00000000E-03 -7.00000000E-03  2.01190000E+00
  0.00000000E+00 -7.00000000E-03  2.01190000E+00
 -7.00000000E-03  0.00000000E+00  2.01190000E+00
  0.00000000E+00  0.00000000E+00  2.01190000E+00
 -7.00000000E-03 -7.00000000E-03  2.19480000E+00
  0.00000000E+00 -7.00000000E-03  2.19480000E+00
 -7.00000000E-03  0.00000000E+00  2.19480000E+00
  0.00000000E+00  0.00000000E+00  2.19480000E+00
 -7.00000000E-03 -7.00000000E-03  2.19480000E+00
  0.00000000E+00 -7.00000000E-03  2.19480000E+00
 -7.00000000E-03  0.00000000E+00  2.19480000E+00
  0.00000000E+00  0.00000000E+00  2.19480000E+00
 -7.00000000E-03 -7.00000000E-03  2.37770000E+00
  0.00000000E+00 -7.00000000E-03  2.37770000E+00
 -7.00000000E-03  0.00000000E+00  2.37770000E+00
  0.00000000E+00  0.00000000E+00  2.37770000E+00
 -7.00000000E-03 -7.00000000E-03  2.37770000E+00
  0.00000000E+00 -7.00000000E-03  2.37770000E+00
 -7.00000000E-03  0.00000000E+00  2.37770000E+00
  0.00000000E+00  0.00000000E+00  2.37770000E+00
 -7.00000000E-03 -7.00000000E-03  2.56060000E+00
  0.00000000E+00 -7.00000000E-03  2.56060000E+00
 -7.00000000E-03  0.00000000E+00  2.56060000E+00
  0.00000000E+00  0.00000000E+00  2.56060000E+00
 -7.00000000E-03 -7.00000000E-03  2.56060000E+00
  0.00000000E+00 -7.00000000E-03  2.56060000E+00
 -7.00000000E-03  0.00000000E+00  2.56060000E+00
  0.00000000E+00  0.00000000E+00  2.56060000E+00
 -7.00000000E-03 -7.00000000E-03  2.74350000E+00
  0.00000000E+00 -7.00000000E-03  2.74350000E+00
 -7.00000000E-03  0.00000000E+00  2.74350000E+00
  0.00000000E+00  0.00000000E+00  2.74350000E+00
 -7.00000000E-03 -7.00000000E-03  2.74350000E+00
  0.00000000E+00 -7.00000000E-03  2.74350000E+00
 -7.00000000E-03  0.00000000E+00  2.74350000E+00
  0.00000000E+00  0.00000000E+00  2.74350000E+00
 -7.00000000E-03 -7.00000000E-03  2.92640000E+00
  0.00000000E+00 -7.00000000E-03  2.92640000E+00
 -7.00000000E-03  0.00000000E+00  2.92640000E+00
  0.00000000E+00  0.00000000E+00  2.92640000E+00
 -7.00000000E-03 -7.00000000E-03  2.92640000E+00
  0.00000000E+00 -7.00000000E-03  2.92640000E+00
 -7.00000000E-03  0.00000000E+00  2.92640000E+00
  0.00000000E+00  0.00000000E+00  2.92640000E+00
 -7.00000000E-03 -7.00000000E-03  3.10930000E+00
  0.00000000E+00 -7.00000000E-03  3.10930000E+00
 -7.00000000E-03  0.00000000E+00  3.10930000E+00
  0.00000000E+00  0.00000000E+00  3.10930000E+00
 -7.00000000E-03 -7.00000000E-03  3.10930000E+00
  0.00000000E+00 -7.00000000E-03  3.10930000E+00
 -7.00000000E-03  0.00000000E+00  3.10930000E+00
  0.00000000E+00  0.00000000E+00  3.10930000E+00
 -7.00000000E-03 -7.00000000E-03  3.29220000E+00
  0.00000000E+00 -7.00000000E-03  3.29220000E+00
 -7.00000000E-03  0.00000000E+00  3.29220000E+00
  0.00000000E+00  0.00000000E+00  3.29220000E+00
 -7.00000000E-03 -7.00000000E-03  3.29220000E+00
  0.00000000E+00 -7.00000000E-03  3.29220000E+00
 -7.00000000E-03  0.00000000E+00  3.29220000E+00
  0.00000000E+00  0.00000000E+00  3.29220000E+00
 -7.00000000E-03 -7.00000000E-03  3.47510000E+00
  0.00000000E+00 -7.00000000E-03  3.47510000E+00
 -7.00000000E-03  0.00000000E+00  3.47510000E+00
  0.00000000E+00  0.00000000E+00  3.47510000E+00
 -7.00000000E-03 -7.00000000E-03  3.47510000E+00
  0.00000000E+00 -7.00000000E-03  3.47510000E+00
 -7.00000000E-03  0.00000000E+00  3.47510000E+00
  0.00000000E+00  0.00000000E+00  3.47510000E+00
 -7.00000000E-03 -7.00000000E-03  3.65800000E+00
  0.00000000E+00 -7.00000000E-03  3.65800000E+00
 -7.00000000E-03  0.00000000E+00  3.65800000E+00
  0.00000000E+00  0.00000000E+00  3.65800000E+00
CELLS        20       180
         8         0         1         2         3         4         5         6         7
         8         8         9        10        11        12        13        14        15
         8        16        17        18        19        20        21        22        23
         8        24        25        26        27        28        29        30        31
         8        32        33        34        35        36        37        38        39
         8        40        41        42        43        44        45        46        47
         8        48        49        50        51        52        53        54        55
         8        56        57        58        59        60        61        62        63
         8        64        65        66        67        68        69        70        71
         8        72        73        74        75        76        77        78        79
         8        80        81        82        83        84        85        86        87
         8        88        89        90        91        92        93        94        95
         8        96        97        98        99       100       101       102       103
         8       104       105       106       107       108       109       110       111
         8       112       113       114       115       116       117       118       119
         8       120       121       122       123       124       125       126       127
         8       128       129       130       131       132       133       134       135
         8       136       137       138       139       140       141       142       143
         8       144       145       146       147       148       149       150       151
         8       152       153       154       155       156       157       158       159
CELL_TYPES      20
11
11
11
11
11
11
11
11
11
11
11
11
11
11
11
11
11
11
11
11
CELL_DATA      20
SCALARS Liquid_Volume_Fraction float
LOOKUP_TABLE default
  1.000000000000000E+00
  1.000000000000000E+00
  1.000000000000000E+00
  1.000000000000000E+00
  1.000000000000000E+00
  1.000000000000000E+00
  1.000000000000000E+00
  1.000000000000000E+00
  1.000000000000000E+00
  1.000000000000000E+00
  1.000000000000000E+00
  1.000000000000000E+00
  1.000000000000000E+00
  1.000000000000000E+00
  1.000000000000000E+00
  1.000000000000000E+00
  1.000000000000000E+00
  1.000000000000000E+00
  1.000000000000000E+00
  1.000000000000000E+00
SCALARS Entrained_Volume_Fraction float
LOOKUP_TABLE default
  0.000000000000000E+00
  0.000000000000000E+00
  0.000000000000000E+00
  0.000000000000000E+00
  0.000000000000000E+00
  0.000000000000000E+00
  0.000000000000000E+00
  0.000000000000000E+00
  0.000000000000000E+00
  0.000000000000000E+00
  0.000000000000000E+00
  0.000000000000000E+00
  0.000000000000000E+00
  0.000000000000000E+00
  0.000000000000000E+00
  0.000000000000000E+00
  0.000000000000000E+00
  0.000000000000000E+00
  0.000000000000000E+00
  0.000000000000000E+00
SCALARS Vapor_Volume_Fraction float
LOOKUP_TABLE default
  0.000000000000000E+00
  0.000000000000000E+00
  0.000000000000000E+00
  0.000000000000000E+00
  0.000000000000000E+00
  0.000000000000000E+00
  0.000000000000000E+00
  0.000000000000000E+00
  0.000000000000000E+00
  0.000000000000000E+00
  0.000000000000000E+00
  0.000000000000000E+00
  0.000000000000000E+00
  0.000000000000000E+00
  0.000000000000000E+00
  0.000000000000000E+00
  0.000000000000000E+00
  0.000000000000000E+00
  0.000000000000000E+00
  0.000000000000000E+00
SCALARS Pressure float
LOOKUP_TABLE default
  1.652690074312319E+02
  1.652553017363247E+02
  1.652417790265021E+02
  1.652282702460514E+02
  1.652147753563168E+02
  1.652012942291186E+02
  1.651878265445830E+02
  1.651743718648158E+02
  1.651609294876243E+02
  1.651474984564428E+02
  1.651340775743120E+02
  1.651206654509670E+02
  1.651072605795401E+02
  1.650938614314719E+02
  1.650804665533586E+02
  1.650670746491005E+02
  1.650536846349185E+02
  1.650402956619422E+02
  1.650269071086665E+02
  1.650135185512324E+02
SCALARS Liquid_Enthalpy float
LOOKUP_TABLE default
  1.293579012832195E+03
  1.295789924031782E+03
  1.297987944902208E+03
  1.300161719712198E+03
  1.302294541392779E+03
  1.304364856061578E+03
  1.306344860308054E+03
  1.308203552950552E+03
  1.309909251069304E+03
  1.311433248855875E+03
  1.312753685299438E+03
  1.313858802556439E+03
  1.314748821352537E+03
  1.315435947338128E+03
  1.315942482607489E+03
  1.316297500234331E+03
  1.316532875490814E+03
  1.316679543229740E+03
  1.316764664670957E+03
  1.318526729522380E+03
SCALARS Vapor_Enthalpy float
LOOKUP_TABLE default
  2.568693940284235E+03
  2.568693940284235E+03
  2.568693940284235E+03
  2.568693940284235E+03
  2.568693940284235E+03
  2.568693940284235E+03
  2.568693940284235E+03
  2.568693940284235E+03
  2.568693940284235E+03
  2.568693940284235E+03
  2.568693940284235E+03
  2.568693940284235E+03
  2.568693940284235E+03
  2.568693940284235E+03
  2.568693940284235E+03
  2.568693940284235E+03
  2.568693940284235E+03
  2.568693940284235E+03
  2.568693940284235E+03
  2.568693940284235E+03
SCALARS Liquid_Density float
LOOKUP_TABLE default
  7.452112327283767E+02
  7.443990626212932E+02
  7.435897508665161E+02
  7.427874778252915E+02
  7.419984685667912E+02
  7.412307963562661E+02
  7.404949188759215E+02
  7.398025616857457E+02
  7.391657815500049E+02
  7.385955880341613E+02
  7.381004708101392E+02
  7.376851445697574E+02
  7.373498110213985E+02
  7.370901299198478E+02
  7.368979146665661E+02
  7.367623809015126E+02
  7.366716459310961E+02
  7.366141467948399E+02
  7.365797158838024E+02
  7.359158835954775E+02
SCALARS Vapor_Density float
LOOKUP_TABLE default
  1.132113675582275E+02
  1.132025396058286E+02
  1.131937115302370E+02
  1.131848833314679E+02
  1.131760550095361E+02
  1.131672265644566E+02
  1.131583979962447E+02
  1.131495693049151E+02
  1.131407404904829E+02
  1.131319115529632E+02
  1.131230824923709E+02
  1.131142533087211E+02
  1.131054240020287E+02
  1.130965945723088E+02
  1.130877650195765E+02
  1.130789353438466E+02
  1.130701055451343E+02
  1.130612756234545E+02
  1.130524455788223E+02
  1.130436154112527E+02
SCALARS Vapor_Generation float
LOOKUP_TABLE default
  0.000000000000000E+00
  0.000000000000000E+00
  0.000000000000000E+00
  0.000000000000000E+00
  0.000000000000000E+00
  0.000000000000000E+00
  0.000000000000000E+00
  0.000000000000000E+00
  0.000000000000000E+00
  0.000000000000000E+00
  0.000000000000000E+00
  0.000000000000000E+00
  0.000000000000000E+00
  0.000000000000000E+00
  0.000000000000000E+00
  0.000000000000000E+00
  0.000000000000000E+00
  0.000000000000000E+00
  0.000000000000000E+00
  0.000000000000000E+00
SCALARS Scalar_Cell_Flow_Area float
LOOKUP_TABLE default
  8.787781599999999E-05
  8.787781599999999E-05
  8.787781599999999E-05
  8.787781599999999E-05
  8.787781599999999E-05
  8.787781599999999E-05
  8.787781599999999E-05
  8.787781599999999E-05
  8.787781599999999E-05
  8.787781599999999E-05
  8.787781599999999E-05
  8.787781599999999E-05
  8.787781599999999E-05
  8.787781599999999E-05
  8.787781599999999E-05
  8.787781599999999E-05
  8.787781599999999E-05
  8.787781599999999E-05
  8.787781599999999E-05
  8.787781599999999E-05
SCALARS Channel_Wetted_Perimeter float
LOOKUP_TABLE default
  2.984513019999999E-02
  2.984513019999999E-02
  2.984513019999999E-02
  2.984513019999999E-02
  2.984513019999999E-02
  2.984513019999999E-02
  2.984513019999999E-02
  2.984513019999999E-02
  2.984513019999999E-02
  2.984513019999999E-02
  2.984513019999999E-02
  2.984513019999999E-02
  2.984513019999999E-02
  2.984513019999999E-02
  2.984513019999999E-02
  2.984513019999999E-02
  2.984513019999999E-02
  2.984513019999999E-02
  2.984513019999999E-02
  2.984513019999999E-02
SCALARS Equilibrium_Quality float
LOOKUP_TABLE default
                    NaN
                    NaN
                    NaN
                    NaN
                    NaN
                    NaN
                    NaN
                    NaN
                    NaN
                    NaN
                    NaN
                    NaN
                    NaN
                    NaN
                    NaN
                    NaN
                    NaN
                    NaN
                    NaN
                    NaN
SCALARS Mixture_Temperature_C float
LOOKUP_TABLE default
                    NaN
                    NaN
                    NaN
                    NaN
                    NaN
                    NaN
                    NaN
                    NaN
                    NaN
                    NaN
                    NaN
                    NaN
                    NaN
                    NaN
                    NaN
                    NaN
                    NaN
                    NaN
                    NaN
                    NaN
SCALARS Mixture_Mass_Flux_kg/s/m**2 float
LOOKUP_TABLE default
                    NaN
                    NaN
                    NaN
                    NaN
                    NaN
                    NaN
                    NaN
                    NaN
                    NaN
                    NaN
                    NaN
                    NaN
                    NaN
                    NaN
                    NaN
                    NaN
                    NaN
                    NaN
                    NaN
                    NaN
VECTORS Liquid_velocity float
  0.000000000000000E+00  0.000000000000000E+00  4.579786647493025E+00
  0.000000000000000E+00  0.000000000000000E+00  4.586024794811250E+00
  0.000000000000000E+00  0.000000000000000E+00  4.591025211301726E+00
  0.000000000000000E+00  0.000000000000000E+00  4.596013591835649E+00
  0.000000000000000E+00  0.000000000000000E+00  4.600972435290982E+00
  0.000000000000000E+00  0.000000000000000E+00  4.605881258007821E+00
  0.000000000000000E+00  0.000000000000000E+00  4.610717666927783E+00
  0.000000000000000E+00  0.000000000000000E+00  4.615460550689630E+00
  0.000000000000000E+00  0.000000000000000E+00  4.620093611108832E+00
  0.000000000000000E+00  0.000000000000000E+00  4.624607943169107E+00
  0.000000000000000E+00  0.000000000000000E+00  4.629003759989355E+00
  0.000000000000000E+00  0.000000000000000E+00  4.633290526803443E+00
  0.000000000000000E+00  0.000000000000000E+00  4.637485367981034E+00
  0.000000000000000E+00  0.000000000000000E+00  4.641610111400697E+00
  0.000000000000000E+00  0.000000000000000E+00  4.645687727901977E+00
  0.000000000000000E+00  0.000000000000000E+00  4.649739055120243E+00
  0.000000000000000E+00  0.000000000000000E+00  4.653780520952019E+00
  0.000000000000000E+00  0.000000000000000E+00  4.657823194021666E+00
  0.000000000000000E+00  0.000000000000000E+00  4.662893425477813E+00
  0.000000000000000E+00  0.000000000000000E+00  4.668983872242398E+00
VECTORS Vapor_velocity float
  0.000000000000000E+00  0.000000000000000E+00                    NaN
  0.000000000000000E+00  0.000000000000000E+00                    NaN
  0.000000000000000E+00  0.000000000000000E+00                    NaN
  0.000000000000000E+00  0.000000000000000E+00                    NaN
  0.000000000000000E+00  0.000000000000000E+00                    NaN
  0.000000000000000E+00  0.000000000000000E+00                    NaN
  0.000000000000000E+00  0.000000000000000E+00                    NaN
  0.000000000000000E+00  0.000000000000000E+00                    NaN
  0.000000000000000E+00  0.000000000000000E+00                    NaN
  0.000000000000000E+00  0.000000000000000E+00                    NaN
  0.000000000000000E+00  0.000000000000000E+00                    NaN
  0.000000000000000E+00  0.000000000000000E+00                    NaN
  0.000000000000000E+00  0.000000000000000E+00                    NaN
  0.000000000000000E+00  0.000000000000000E+00                    NaN
  0.000000000000000E+00  0.000000000000000E+00                    NaN
  0.000000000000000E+00  0.000000000000000E+00                    NaN
  0.000000000000000E+00  0.000000000000000E+00                    NaN
  0.000000000000000E+00  0.000000000000000E+00                    NaN
  0.000000000000000E+00  0.000000000000000E+00                    NaN
  0.000000000000000E+00  0.000000000000000E+00                    NaN
VECTORS Droplet_velocity float
  0.000000000000000E+00  0.000000000000000E+00                    NaN
  0.000000000000000E+00  0.000000000000000E+00                    NaN
  0.000000000000000E+00  0.000000000000000E+00                    NaN
  0.000000000000000E+00  0.000000000000000E+00                    NaN
  0.000000000000000E+00  0.000000000000000E+00                    NaN
  0.000000000000000E+00  0.000000000000000E+00                    NaN
  0.000000000000000E+00  0.000000000000000E+00                    NaN
  0.000000000000000E+00  0.000000000000000E+00                    NaN
  0.000000000000000E+00  0.000000000000000E+00                    NaN
  0.000000000000000E+00  0.000000000000000E+00                    NaN
  0.000000000000000E+00  0.000000000000000E+00                    NaN
  0.000000000000000E+00  0.000000000000000E+00                    NaN
  0.000000000000000E+00  0.000000000000000E+00                    NaN
  0.000000000000000E+00  0.000000000000000E+00                    NaN
  0.000000000000000E+00  0.000000000000000E+00                    NaN
  0.000000000000000E+00  0.000000000000000E+00                    NaN
  0.000000000000000E+00  0.000000000000000E+00                    NaN
  0.000000000000000E+00  0.000000000000000E+00                    NaN
  0.000000000000000E+00  0.000000000000000E+00                    NaN
  0.000000000000000E+00  0.000000000000000E+00                    NaN
