# vtk DataFile Version 2.0
Scalar Data
ASCII
DATASET UNSTRUCTURED_GRID
FIELD FieldData 2
Time 1 1 double
  1.659999999999973E+01
  dt 1 1 double
  2.000000000000000E-02
POINTS         160 double
 -7.00000000E-03 -7.00000000E-03  0.00000000E+00
  0.00000000E+00 -7.00000000E-03  0.00000000E+00
 -7.00000000E-03  0.00000000E+00  0.00000000E+00
  0.00000000E+00  0.00000000E+00  0.00000000E+00
 -7.00000000E-03 -7.00000000E-03  1.82900000E-01
  0.00000000E+00 -7.00000000E-03  1.82900000E-01
 -7.00000000E-03  0.00000000E+00  1.82900000E-01
  0.00000000E+00  0.00000000E+00  1.82900000E-01
 -7.00000000E-03 -7.00000000E-03  1.82900000E-01
  0.00000000E+00 -7.00000000E-03  1.82900000E-01
 -7.00000000E-03  0.00000000E+00  1.82900000E-01
  0.00000000E+00  0.00000000E+00  1.82900000E-01
 -7.00000000E-03 -7.00000000E-03  3.65800000E-01
  0.00000000E+00 -7.00000000E-03  3.65800000E-01
 -7.00000000E-03  0.00000000E+00  3.65800000E-01
  0.00000000E+00  0.00000000E+00  3.65800000E-01
 -7.00000000E-03 -7.00000000E-03  3.65800000E-01
  0.00000000E+00 -7.00000000E-03  3.65800000E-01
 -7.00000000E-03  0.00000000E+00  3.65800000E-01
  0.00000000E+00  0.00000000E+00  3.65800000E-01
 -7.00000000E-03 -7.00000000E-03  5.48700000E-01
  0.00000000E+00 -7.00000000E-03  5.48700000E-01
 -7.00000000E-03  0.00000000E+00  5.48700000E-01
  0.00000000E+00  0.00000000E+00  5.48700000E-01
 -7.00000000E-03 -7.00000000E-03  5.48700000E-01
  0.00000000E+00 -7.00000000E-03  5.48700000E-01
 -7.00000000E-03  0.00000000E+00  5.48700000E-01
  0.00000000E+00  0.00000000E+00  5.48700000E-01
 -7.00000000E-03 -7.00000000E-03  7.31600000E-01
  0.00000000E+00 -7.00000000E-03  7.31600000E-01
 -7.00000000E-03  0.00000000E+00  7.31600000E-01
  0.00000000E+00  0.00000000E+00  7.31600000E-01
 -7.00000000E-03 -7.00000000E-03  7.31600000E-01
  0.00000000E+00 -7.00000000E-03  7.31600000E-01
 -7.00000000E-03  0.00000000E+00  7.31600000E-01
  0.00000000E+00  0.00000000E+00  7.31600000E-01
 -7.00000000E-03 -7.00000000E-03  9.14500000E-01
  0.00000000E+00 -7.00000000E-03  9.14500000E-01
 -7.00000000E-03  0.00000000E+00  9.14500000E-01
  0.00000000E+00  0.00000000E+00  9.14500000E-01
 -7.00000000E-03 -7.00000000E-03  9.14500000E-01
  0.00000000E+00 -7.00000000E-03  9.14500000E-01
 -7.00000000E-03  0.00000000E+00  9.14500000E-01
  0.00000000E+00  0.00000000E+00  9.14500000E-01
 -7.00000000E-03 -7.00000000E-03  1.09740000E+00
  0.00000000E+00 -7.00000000E-03  1.09740000E+00
 -7.00000000E-03  0.00000000E+00  1.09740000E+00
  0.00000000E+00  0.00000000E+00  1.09740000E+00
 -7.00000000E-03 -7.00000000E-03  1.09740000E+00
  0.00000000E+00 -7.00000000E-03  1.09740000E+00
 -7.00000000E-03  0.00000000E+00  1.09740000E+00
  0.00000000E+00  0.00000000E+00  1.09740000E+00
 -7.00000000E-03 -7.00000000E-03  1.28030000E+00
  0.00000000E+00 -7.00000000E-03  1.28030000E+00
 -7.00000000E-03  0.00000000E+00  1.28030000E+00
  0.00000000E+00  0.00000000E+00  1.28030000E+00
 -7.00000000E-03 -7.00000000E-03  1.28030000E+00
  0.00000000E+00 -7.00000000E-03  1.28030000E+00
 -7.00000000E-03  0.00000000E+00  1.28030000E+00
  0.00000000E+00  0.00000000E+00  1.28030000E+00
 -7.00000000E-03 -7.00000000E-03  1.46320000E+00
  0.00000000E+00 -7.00000000E-03  1.46320000E+00
 -7.00000000E-03  0.00000000E+00  1.46320000E+00
  0.00000000E+00  0.00000000E+00  1.46320000E+00
 -7.00000000E-03 -7.00000000E-03  1.46320000E+00
  0.00000000E+00 -7.00000000E-03  1.46320000E+00
 -7.00000000E-03  0.00000000E+00  1.46320000E+00
  0.00000000E+00  0.00000000E+00  1.46320000E+00
 -7.00000000E-03 -7.00000000E-03  1.64610000E+00
  0.00000000E+00 -7.00000000E-03  1.64610000E+00
 -7.00000000E-03  0.00000000E+00  1.64610000E+00
  0.00000000E+00  0.00000000E+00  1.64610000E+00
 -7.00000000E-03 -7.00000000E-03  1.64610000E+00
  0.00000000E+00 -7.00000000E-03  1.64610000E+00
 -7.00000000E-03  0.00000000E+00  1.64610000E+00
  0.00000000E+00  0.00000000E+00  1.64610000E+00
 -7.00000000E-03 -7.00000000E-03  1.82900000E+00
  0.00000000E+00 -7.00000000E-03  1.82900000E+00
 -7.00000000E-03  0.00000000E+00  1.82900000E+00
  0.00000000E+00  0.00000000E+00  1.82900000E+00
 -7.00000000E-03 -7.00000000E-03  1.82900000E+00
  0.00000000E+00 -7.00000000E-03  1.82900000E+00
 -7.00000000E-03  0.00000000E+00  1.82900000E+00
  0.00000000E+00  0.00000000E+00  1.82900000E+00
 -7.00000000E-03 -7.00000000E-03  2.01190000E+00
  0.00000000E+00 -7.00000000E-03  2.01190000E+00
 -7.00000000E-03  0.00000000E+00  2.01190000E+00
  0.00000000E+00  0.00000000E+00  2.01190000E+00
 -7.00000000E-03 -7.00000000E-03  2.01190000E+00
  0.00000000E+00 -7.00000000E-03  2.01190000E+00
 -7.00000000E-03  0.00000000E+00  2.01190000E+00
  0.00000000E+00  0.00000000E+00  2.01190000E+00
 -7.00000000E-03 -7.00000000E-03  2.19480000E+00
  0.00000000E+00 -7.00000000E-03  2.19480000E+00
 -7.00000000E-03  0.00000000E+00  2.19480000E+00
  0.00000000E+00  0.00000000E+00  2.19480000E+00
 -7.00000000E-03 -7.00000000E-03  2.19480000E+00
  0.00000000E+00 -7.00000000E-03  2.19480000E+00
 -7.00000000E-03  0.00000000E+00  2.19480000E+00
  0.00000000E+00  0.00000000E+00  2.19480000E+00
 -7.00000000E-03 -7.00000000E-03  2.37770000E+00
  0.00000000E+00 -7.00000000E-03  2.37770000E+00
 -7.00000000E-03  0.00000000E+00  2.37770000E+00
  0.00000000E+00  0.00000000E+00  2.37770000E+00
 -7.00000000E-03 -7.00000000E-03  2.37770000E+00
  0.00000000E+00 -7.00000000E-03  2.37770000E+00
 -7.00000000E-03  0.00000000E+00  2.37770000E+00
  0.00000000E+00  0.00000000E+00  2.37770000E+00
 -7.00000000E-03 -7.00000000E-03  2.56060000E+00
  0.00000000E+00 -7.00000000E-03  2.56060000E+00
 -7.00000000E-03  0.00000000E+00  2.56060000E+00
  0.00000000E+00  0.00000000E+00  2.56060000E+00
 -7.00000000E-03 -7.00000000E-03  2.56060000E+00
  0.00000000E+00 -7.00000000E-03  2.56060000E+00
 -7.00000000E-03  0.00000000E+00  2.56060000E+00
  0.00000000E+00  0.00000000E+00  2.56060000E+00
 -7.00000000E-03 -7.00000000E-03  2.74350000E+00
  0.00000000E+00 -7.00000000E-03  2.74350000E+00
 -7.00000000E-03  0.00000000E+00  2.74350000E+00
  0.00000000E+00  0.00000000E+00  2.74350000E+00
 -7.00000000E-03 -7.00000000E-03  2.74350000E+00
  0.00000000E+00 -7.00000000E-03  2.74350000E+00
 -7.00000000E-03  0.00000000E+00  2.74350000E+00
  0.00000000E+00  0.00000000E+00  2.74350000E+00
 -7.00000000E-03 -7.00000000E-03  2.92640000E+00
  0.00000000E+00 -7.00000000E-03  2.92640000E+00
 -7.00000000E-03  0.00000000E+00  2.92640000E+00
  0.00000000E+00  0.00000000E+00  2.92640000E+00
 -7.00000000E-03 -7.00000000E-03  2.92640000E+00
  0.00000000E+00 -7.00000000E-03  2.92640000E+00
 -7.00000000E-03  0.00000000E+00  2.92640000E+00
  0.00000000E+00  0.00000000E+00  2.92640000E+00
 -7.00000000E-03 -7.00000000E-03  3.10930000E+00
  0.00000000E+00 -7.00000000E-03  3.10930000E+00
 -7.00000000E-03  0.00000000E+00  3.10930000E+00
  0.00000000E+00  0.00000000E+00  3.10930000E+00
 -7.00000000E-03 -7.00000000E-03  3.10930000E+00
  0.00000000E+00 -7.00000000E-03  3.10930000E+00
 -7.00000000E-03  0.00000000E+00  3.10930000E+00
  0.00000000E+00  0.00000000E+00  3.10930000E+00
 -7.00000000E-03 -7.00000000E-03  3.29220000E+00
  0.00000000E+00 -7.00000000E-03  3.29220000E+00
 -7.00000000E-03  0.00000000E+00  3.29220000E+00
  0.00000000E+00  0.00000000E+00  3.29220000E+00
 -7.00000000E-03 -7.00000000E-03  3.29220000E+00
  0.00000000E+00 -7.00000000E-03  3.29220000E+00
 -7.00000000E-03  0.00000000E+00  3.29220000E+00
  0.00000000E+00  0.00000000E+00  3.29220000E+00
 -7.00000000E-03 -7.00000000E-03  3.47510000E+00
  0.00000000E+00 -7.00000000E-03  3.47510000E+00
 -7.00000000E-03  0.00000000E+00  3.47510000E+00
  0.00000000E+00  0.00000000E+00  3.47510000E+00
 -7.00000000E-03 -7.00000000E-03  3.47510000E+00
  0.00000000E+00 -7.00000000E-03  3.47510000E+00
 -7.00000000E-03  0.00000000E+00  3.47510000E+00
  0.00000000E+00  0.00000000E+00  3.47510000E+00
 -7.00000000E-03 -7.00000000E-03  3.65800000E+00
  0.00000000E+00 -7.00000000E-03  3.65800000E+00
 -7.00000000E-03  0.00000000E+00  3.65800000E+00
  0.00000000E+00  0.00000000E+00  3.65800000E+00
CELLS        20       180
         8         0         1         2         3         4         5         6         7
         8         8         9        10        11        12        13        14        15
         8        16        17        18        19        20        21        22        23
         8        24        25        26        27        28        29        30        31
         8        32        33        34        35        36        37        38        39
         8        40        41        42        43        44        45        46        47
         8        48        49        50        51        52        53        54        55
         8        56        57        58        59        60        61        62        63
         8        64        65        66        67        68        69        70        71
         8        72        73        74        75        76        77        78        79
         8        80        81        82        83        84        85        86        87
         8        88        89        90        91        92        93        94        95
         8        96        97        98        99       100       101       102       103
         8       104       105       106       107       108       109       110       111
         8       112       113       114       115       116       117       118       119
         8       120       121       122       123       124       125       126       127
         8       128       129       130       131       132       133       134       135
         8       136       137       138       139       140       141       142       143
         8       144       145       146       147       148       149       150       151
         8       152       153       154       155       156       157       158       159
CELL_TYPES      20
11
11
11
11
11
11
11
11
11
11
11
11
11
11
11
11
11
11
11
11
CELL_DATA      20
SCALARS Liquid_Volume_Fraction float
LOOKUP_TABLE default
  1.000000000000000E+00
  1.000000000000000E+00
  1.000000000000000E+00
  1.000000000000000E+00
  1.000000000000000E+00
  1.000000000000000E+00
  1.000000000000000E+00
  1.000000000000000E+00
  1.000000000000000E+00
  1.000000000000000E+00
  1.000000000000000E+00
  1.000000000000000E+00
  1.000000000000000E+00
  1.000000000000000E+00
  1.000000000000000E+00
  1.000000000000000E+00
  1.000000000000000E+00
  1.000000000000000E+00
  1.000000000000000E+00
  1.000000000000000E+00
SCALARS Entrained_Volume_Fraction float
LOOKUP_TABLE default
  0.000000000000000E+00
  0.000000000000000E+00
  0.000000000000000E+00
  0.000000000000000E+00
  0.000000000000000E+00
  0.000000000000000E+00
  0.000000000000000E+00
  0.000000000000000E+00
  0.000000000000000E+00
  0.000000000000000E+00
  0.000000000000000E+00
  0.000000000000000E+00
  0.000000000000000E+00
  0.000000000000000E+00
  0.000000000000000E+00
  0.000000000000000E+00
  0.000000000000000E+00
  0.000000000000000E+00
  0.000000000000000E+00
  0.000000000000000E+00
SCALARS Vapor_Volume_Fraction float
LOOKUP_TABLE default
  0.000000000000000E+00
  0.000000000000000E+00
  0.000000000000000E+00
  0.000000000000000E+00
  0.000000000000000E+00
  0.000000000000000E+00
  0.000000000000000E+00
  0.000000000000000E+00
  0.000000000000000E+00
  0.000000000000000E+00
  0.000000000000000E+00
  0.000000000000000E+00
  0.000000000000000E+00
  0.000000000000000E+00
  0.000000000000000E+00
  0.000000000000000E+00
  0.000000000000000E+00
  0.000000000000000E+00
  0.000000000000000E+00
  0.000000000000000E+00
SCALARS Pressure float
LOOKUP_TABLE default
  1.652684050979137E+02
  1.652548399580535E+02
  1.652412898774358E+02
  1.652277548884778E+02
  1.652142350233100E+02
  1.652007303140332E+02
  1.651872407912114E+02
  1.651737664877593E+02
  1.651603074359013E+02
  1.651468636676647E+02
  1.651334352149999E+02
  1.651200221097945E+02
  1.651066243838763E+02
  1.650932420690106E+02
  1.650798751968974E+02
  1.650665237991677E+02
  1.650531879029941E+02
  1.650398675432868E+02
  1.650265627519008E+02
  1.650132735603536E+02
SCALARS Liquid_Enthalpy float
LOOKUP_TABLE default
  1.291571946459113E+03
  1.294000618065168E+03
  1.296428785700496E+03
  1.298856433964501E+03
  1.301283547154176E+03
  1.303710130456187E+03
  1.306136157250060E+03
  1.308561608735603E+03
  1.310986467694971E+03
  1.313410716957171E+03
  1.315834339162979E+03
  1.318257316694442E+03
  1.320679631645594E+03
  1.323101265807899E+03
  1.325522200661532E+03
  1.327942475948447E+03
  1.330362032458609E+03
  1.332780846536136E+03
  1.335198897117515E+03
  1.337616163641434E+03
SCALARS Vapor_Enthalpy float
LOOKUP_TABLE default
  2.568693940284235E+03
  2.568693940284235E+03
  2.568693940284235E+03
  2.568693940284235E+03
  2.568693940284235E+03
  2.568693940284235E+03
  2.568693940284235E+03
  2.568693940284235E+03
  2.568693940284235E+03
  2.568693940284235E+03
  2.568693940284235E+03
  2.568693940284235E+03
  2.568693940284235E+03
  2.568693940284235E+03
  2.568693940284235E+03
  2.568693940284235E+03
  2.568693940284235E+03
  2.568693940284235E+03
  2.568693940284235E+03
  2.568693940284235E+03
SCALARS Liquid_Density float
LOOKUP_TABLE default
  7.459445141368515E+02
  7.450544101474371E+02
  7.441621935463445E+02
  7.432678644433669E+02
  7.423714231669472E+02
  7.414728624309007E+02
  7.405721867705231E+02
  7.396693979679872E+02
  7.387644973399700E+02
  7.378574863048813E+02
  7.369483664717691E+02
  7.360371396687574E+02
  7.351238079563741E+02
  7.342083736354815E+02
  7.332908392530958E+02
  7.323711853814179E+02
  7.314494301359620E+02
  7.305255783658700E+02
  7.295996340821428E+02
  7.286716012477457E+02
SCALARS Vapor_Density float
LOOKUP_TABLE default
  1.132113675582275E+02
  1.132025396058286E+02
  1.131937115302370E+02
  1.131848833314679E+02
  1.131760550095361E+02
  1.131672265644566E+02
  1.131583979962447E+02
  1.131495693049151E+02
  1.131407404904829E+02
  1.131319115529632E+02
  1.131230824923709E+02
  1.131142533087211E+02
  1.131054240020287E+02
  1.130965945723088E+02
  1.130877650195765E+02
  1.130789353438466E+02
  1.130701055451343E+02
  1.130612756234545E+02
  1.130524455788223E+02
  1.130436154112527E+02
SCALARS Vapor_Generation float
LOOKUP_TABLE default
  0.000000000000000E+00
  0.000000000000000E+00
  0.000000000000000E+00
  0.000000000000000E+00
  0.000000000000000E+00
  0.000000000000000E+00
  0.000000000000000E+00
  0.000000000000000E+00
  0.000000000000000E+00
  0.000000000000000E+00
  0.000000000000000E+00
  0.000000000000000E+00
  0.000000000000000E+00
  0.000000000000000E+00
  0.000000000000000E+00
  0.000000000000000E+00
  0.000000000000000E+00
  0.000000000000000E+00
  0.000000000000000E+00
  0.000000000000000E+00
SCALARS Scalar_Cell_Flow_Area float
LOOKUP_TABLE default
  8.787781999999999E-05
  8.787781999999999E-05
  8.787781999999999E-05
  8.787781999999999E-05
  8.787781999999999E-05
  8.787781999999999E-05
  8.787781999999999E-05
  8.787781999999999E-05
  8.787781999999999E-05
  8.787781999999999E-05
  8.787781999999999E-05
  8.787781999999999E-05
  8.787781999999999E-05
  8.787781999999999E-05
  8.787781999999999E-05
  8.787781999999999E-05
  8.787781999999999E-05
  8.787781999999999E-05
  8.787781999999999E-05
  8.787781999999999E-05
SCALARS Channel_Wetted_Perimeter float
LOOKUP_TABLE default
  2.984513000000000E-02
  2.984513000000000E-02
  2.984513000000000E-02
  2.984513000000000E-02
  2.984513000000000E-02
  2.984513000000000E-02
  2.984513000000000E-02
  2.984513000000000E-02
  2.984513000000000E-02
  2.984513000000000E-02
  2.984513000000000E-02
  2.984513000000000E-02
  2.984513000000000E-02
  2.984513000000000E-02
  2.984513000000000E-02
  2.984513000000000E-02
  2.984513000000000E-02
  2.984513000000000E-02
  2.984513000000000E-02
  2.984513000000000E-02
SCALARS Equilibrium_Quality float
LOOKUP_TABLE default
                    NaN
                    NaN
                    NaN
                    NaN
                    NaN
                    NaN
                    NaN
                    NaN
                    NaN
                    NaN
                    NaN
                    NaN
                    NaN
                    NaN
                    NaN
                    NaN
                    NaN
                    NaN
                    NaN
                    NaN
SCALARS Mixture_Temperature_C float
LOOKUP_TABLE default
                    NaN
                    NaN
                    NaN
                    NaN
                    NaN
                    NaN
                    NaN
                    NaN
                    NaN
                    NaN
                    NaN
                    NaN
                    NaN
                    NaN
                    NaN
                    NaN
                    NaN
                    NaN
                    NaN
                    NaN
SCALARS Mixture_Mass_Flux_kg/s/m**2 float
LOOKUP_TABLE default
                    NaN
                    NaN
                    NaN
                    NaN
                    NaN
                    NaN
                    NaN
                    NaN
                    NaN
                    NaN
                    NaN
                    NaN
                    NaN
                    NaN
                    NaN
                    NaN
                    NaN
                    NaN
                    NaN
                    NaN
VECTORS Liquid_velocity float
  0.000000000000000E+00  0.000000000000000E+00  4.576527611423827E+00
  0.000000000000000E+00  0.000000000000000E+00  4.581993692818739E+00
  0.000000000000000E+00  0.000000000000000E+00  4.587487892094044E+00
  0.000000000000000E+00  0.000000000000000E+00  4.593008648121412E+00
  0.000000000000000E+00  0.000000000000000E+00  4.598556129313427E+00
  0.000000000000000E+00  0.000000000000000E+00  4.604130510685049E+00
  0.000000000000000E+00  0.000000000000000E+00  4.609731948256958E+00
  0.000000000000000E+00  0.000000000000000E+00  4.615360590615136E+00
  0.000000000000000E+00  0.000000000000000E+00  4.621016593637483E+00
  0.000000000000000E+00  0.000000000000000E+00  4.626700115031102E+00
  0.000000000000000E+00  0.000000000000000E+00  4.632411313122560E+00
  0.000000000000000E+00  0.000000000000000E+00  4.638150346613085E+00
  0.000000000000000E+00  0.000000000000000E+00  4.643917374484716E+00
  0.000000000000000E+00  0.000000000000000E+00  4.649712555950355E+00
  0.000000000000000E+00  0.000000000000000E+00  4.655536085741444E+00
  0.000000000000000E+00  0.000000000000000E+00  4.661388170149950E+00
  0.000000000000000E+00  0.000000000000000E+00  4.667268953709945E+00
  0.000000000000000E+00  0.000000000000000E+00  4.673178566465351E+00
  0.000000000000000E+00  0.000000000000000E+00  4.679117164209944E+00
  0.000000000000000E+00  0.000000000000000E+00  4.683588875049419E+00
VECTORS Vapor_velocity float
  0.000000000000000E+00  0.000000000000000E+00                    NaN
  0.000000000000000E+00  0.000000000000000E+00                    NaN
  0.000000000000000E+00  0.000000000000000E+00                    NaN
  0.000000000000000E+00  0.000000000000000E+00                    NaN
  0.000000000000000E+00  0.000000000000000E+00                    NaN
  0.000000000000000E+00  0.000000000000000E+00                    NaN
  0.000000000000000E+00  0.000000000000000E+00                    NaN
  0.000000000000000E+00  0.000000000000000E+00                    NaN
  0.000000000000000E+00  0.000000000000000E+00                    NaN
  0.000000000000000E+00  0.000000000000000E+00                    NaN
  0.000000000000000E+00  0.000000000000000E+00                    NaN
  0.000000000000000E+00  0.000000000000000E+00                    NaN
  0.000000000000000E+00  0.000000000000000E+00                    NaN
  0.000000000000000E+00  0.000000000000000E+00                    NaN
  0.000000000000000E+00  0.000000000000000E+00                    NaN
  0.000000000000000E+00  0.000000000000000E+00                    NaN
  0.000000000000000E+00  0.000000000000000E+00                    NaN
  0.000000000000000E+00  0.000000000000000E+00                    NaN
  0.000000000000000E+00  0.000000000000000E+00                    NaN
  0.000000000000000E+00  0.000000000000000E+00                    NaN
VECTORS Droplet_velocity float
  0.000000000000000E+00  0.000000000000000E+00                    NaN
  0.000000000000000E+00  0.000000000000000E+00                    NaN
  0.000000000000000E+00  0.000000000000000E+00                    NaN
  0.000000000000000E+00  0.000000000000000E+00                    NaN
  0.000000000000000E+00  0.000000000000000E+00                    NaN
  0.000000000000000E+00  0.000000000000000E+00                    NaN
  0.000000000000000E+00  0.000000000000000E+00                    NaN
  0.000000000000000E+00  0.000000000000000E+00                    NaN
  0.000000000000000E+00  0.000000000000000E+00                    NaN
  0.000000000000000E+00  0.000000000000000E+00                    NaN
  0.000000000000000E+00  0.000000000000000E+00                    NaN
  0.000000000000000E+00  0.000000000000000E+00                    NaN
  0.000000000000000E+00  0.000000000000000E+00                    NaN
  0.000000000000000E+00  0.000000000000000E+00                    NaN
  0.000000000000000E+00  0.000000000000000E+00                    NaN
  0.000000000000000E+00  0.000000000000000E+00                    NaN
  0.000000000000000E+00  0.000000000000000E+00                    NaN
  0.000000000000000E+00  0.000000000000000E+00                    NaN
  0.000000000000000E+00  0.000000000000000E+00                    NaN
  0.000000000000000E+00  0.000000000000000E+00                    NaN
