# vtk DataFile Version 2.0
Scalar Data
ASCII
DATASET UNSTRUCTURED_GRID
FIELD FieldData 2
Time 1 1 double
  1.539999999999976E+01
  dt 1 1 double
  2.000000000000000E-02
POINTS         160 double
 -7.00000000E-03 -7.00000000E-03  0.00000000E+00
  0.00000000E+00 -7.00000000E-03  0.00000000E+00
 -7.00000000E-03  0.00000000E+00  0.00000000E+00
  0.00000000E+00  0.00000000E+00  0.00000000E+00
 -7.00000000E-03 -7.00000000E-03  1.82900000E-01
  0.00000000E+00 -7.00000000E-03  1.82900000E-01
 -7.00000000E-03  0.00000000E+00  1.82900000E-01
  0.00000000E+00  0.00000000E+00  1.82900000E-01
 -7.00000000E-03 -7.00000000E-03  1.82900000E-01
  0.00000000E+00 -7.00000000E-03  1.82900000E-01
 -7.00000000E-03  0.00000000E+00  1.82900000E-01
  0.00000000E+00  0.00000000E+00  1.82900000E-01
 -7.00000000E-03 -7.00000000E-03  3.65800000E-01
  0.00000000E+00 -7.00000000E-03  3.65800000E-01
 -7.00000000E-03  0.00000000E+00  3.65800000E-01
  0.00000000E+00  0.00000000E+00  3.65800000E-01
 -7.00000000E-03 -7.00000000E-03  3.65800000E-01
  0.00000000E+00 -7.00000000E-03  3.65800000E-01
 -7.00000000E-03  0.00000000E+00  3.65800000E-01
  0.00000000E+00  0.00000000E+00  3.65800000E-01
 -7.00000000E-03 -7.00000000E-03  5.48700000E-01
  0.00000000E+00 -7.00000000E-03  5.48700000E-01
 -7.00000000E-03  0.00000000E+00  5.48700000E-01
  0.00000000E+00  0.00000000E+00  5.48700000E-01
 -7.00000000E-03 -7.00000000E-03  5.48700000E-01
  0.00000000E+00 -7.00000000E-03  5.48700000E-01
 -7.00000000E-03  0.00000000E+00  5.48700000E-01
  0.00000000E+00  0.00000000E+00  5.48700000E-01
 -7.00000000E-03 -7.00000000E-03  7.31600000E-01
  0.00000000E+00 -7.00000000E-03  7.31600000E-01
 -7.00000000E-03  0.00000000E+00  7.31600000E-01
  0.00000000E+00  0.00000000E+00  7.31600000E-01
 -7.00000000E-03 -7.00000000E-03  7.31600000E-01
  0.00000000E+00 -7.00000000E-03  7.31600000E-01
 -7.00000000E-03  0.00000000E+00  7.31600000E-01
  0.00000000E+00  0.00000000E+00  7.31600000E-01
 -7.00000000E-03 -7.00000000E-03  9.14500000E-01
  0.00000000E+00 -7.00000000E-03  9.14500000E-01
 -7.00000000E-03  0.00000000E+00  9.14500000E-01
  0.00000000E+00  0.00000000E+00  9.14500000E-01
 -7.00000000E-03 -7.00000000E-03  9.14500000E-01
  0.00000000E+00 -7.00000000E-03  9.14500000E-01
 -7.00000000E-03  0.00000000E+00  9.14500000E-01
  0.00000000E+00  0.00000000E+00  9.14500000E-01
 -7.00000000E-03 -7.00000000E-03  1.09740000E+00
  0.00000000E+00 -7.00000000E-03  1.09740000E+00
 -7.00000000E-03  0.00000000E+00  1.09740000E+00
  0.00000000E+00  0.00000000E+00  1.09740000E+00
 -7.00000000E-03 -7.00000000E-03  1.09740000E+00
  0.00000000E+00 -7.00000000E-03  1.09740000E+00
 -7.00000000E-03  0.00000000E+00  1.09740000E+00
  0.00000000E+00  0.00000000E+00  1.09740000E+00
 -7.00000000E-03 -7.00000000E-03  1.28030000E+00
  0.00000000E+00 -7.00000000E-03  1.28030000E+00
 -7.00000000E-03  0.00000000E+00  1.28030000E+00
  0.00000000E+00  0.00000000E+00  1.28030000E+00
 -7.00000000E-03 -7.00000000E-03  1.28030000E+00
  0.00000000E+00 -7.00000000E-03  1.28030000E+00
 -7.00000000E-03  0.00000000E+00  1.28030000E+00
  0.00000000E+00  0.00000000E+00  1.28030000E+00
 -7.00000000E-03 -7.00000000E-03  1.46320000E+00
  0.00000000E+00 -7.00000000E-03  1.46320000E+00
 -7.00000000E-03  0.00000000E+00  1.46320000E+00
  0.00000000E+00  0.00000000E+00  1.46320000E+00
 -7.00000000E-03 -7.00000000E-03  1.46320000E+00
  0.00000000E+00 -7.00000000E-03  1.46320000E+00
 -7.00000000E-03  0.00000000E+00  1.46320000E+00
  0.00000000E+00  0.00000000E+00  1.46320000E+00
 -7.00000000E-03 -7.00000000E-03  1.64610000E+00
  0.00000000E+00 -7.00000000E-03  1.64610000E+00
 -7.00000000E-03  0.00000000E+00  1.64610000E+00
  0.00000000E+00  0.00000000E+00  1.64610000E+00
 -7.00000000E-03 -7.00000000E-03  1.64610000E+00
  0.00000000E+00 -7.00000000E-03  1.64610000E+00
 -7.00000000E-03  0.00000000E+00  1.64610000E+00
  0.00000000E+00  0.00000000E+00  1.64610000E+00
 -7.00000000E-03 -7.00000000E-03  1.82900000E+00
  0.00000000E+00 -7.00000000E-03  1.82900000E+00
 -7.00000000E-03  0.00000000E+00  1.82900000E+00
  0.00000000E+00  0.00000000E+00  1.82900000E+00
 -7.00000000E-03 -7.00000000E-03  1.82900000E+00
  0.00000000E+00 -7.00000000E-03  1.82900000E+00
 -7.00000000E-03  0.00000000E+00  1.82900000E+00
  0.00000000E+00  0.00000000E+00  1.82900000E+00
 -7.00000000E-03 -7.00000000E-03  2.01190000E+00
  0.00000000E+00 -7.00000000E-03  2.01190000E+00
 -7.00000000E-03  0.00000000E+00  2.01190000E+00
  0.00000000E+00  0.00000000E+00  2.01190000E+00
 -7.00000000E-03 -7.00000000E-03  2.01190000E+00
  0.00000000E+00 -7.00000000E-03  2.01190000E+00
 -7.00000000E-03  0.00000000E+00  2.01190000E+00
  0.00000000E+00  0.00000000E+00  2.01190000E+00
 -7.00000000E-03 -7.00000000E-03  2.19480000E+00
  0.00000000E+00 -7.00000000E-03  2.19480000E+00
 -7.00000000E-03  0.00000000E+00  2.19480000E+00
  0.00000000E+00  0.00000000E+00  2.19480000E+00
 -7.00000000E-03 -7.00000000E-03  2.19480000E+00
  0.00000000E+00 -7.00000000E-03  2.19480000E+00
 -7.00000000E-03  0.00000000E+00  2.19480000E+00
  0.00000000E+00  0.00000000E+00  2.19480000E+00
 -7.00000000E-03 -7.00000000E-03  2.37770000E+00
  0.00000000E+00 -7.00000000E-03  2.37770000E+00
 -7.00000000E-03  0.00000000E+00  2.37770000E+00
  0.00000000E+00  0.00000000E+00  2.37770000E+00
 -7.00000000E-03 -7.00000000E-03  2.37770000E+00
  0.00000000E+00 -7.00000000E-03  2.37770000E+00
 -7.00000000E-03  0.00000000E+00  2.37770000E+00
  0.00000000E+00  0.00000000E+00  2.37770000E+00
 -7.00000000E-03 -7.00000000E-03  2.56060000E+00
  0.00000000E+00 -7.00000000E-03  2.56060000E+00
 -7.00000000E-03  0.00000000E+00  2.56060000E+00
  0.00000000E+00  0.00000000E+00  2.56060000E+00
 -7.00000000E-03 -7.00000000E-03  2.56060000E+00
  0.00000000E+00 -7.00000000E-03  2.56060000E+00
 -7.00000000E-03  0.00000000E+00  2.56060000E+00
  0.00000000E+00  0.00000000E+00  2.56060000E+00
 -7.00000000E-03 -7.00000000E-03  2.74350000E+00
  0.00000000E+00 -7.00000000E-03  2.74350000E+00
 -7.00000000E-03  0.00000000E+00  2.74350000E+00
  0.00000000E+00  0.00000000E+00  2.74350000E+00
 -7.00000000E-03 -7.00000000E-03  2.74350000E+00
  0.00000000E+00 -7.00000000E-03  2.74350000E+00
 -7.00000000E-03  0.00000000E+00  2.74350000E+00
  0.00000000E+00  0.00000000E+00  2.74350000E+00
 -7.00000000E-03 -7.00000000E-03  2.92640000E+00
  0.00000000E+00 -7.00000000E-03  2.92640000E+00
 -7.00000000E-03  0.00000000E+00  2.92640000E+00
  0.00000000E+00  0.00000000E+00  2.92640000E+00
 -7.00000000E-03 -7.00000000E-03  2.92640000E+00
  0.00000000E+00 -7.00000000E-03  2.92640000E+00
 -7.00000000E-03  0.00000000E+00  2.92640000E+00
  0.00000000E+00  0.00000000E+00  2.92640000E+00
 -7.00000000E-03 -7.00000000E-03  3.10930000E+00
  0.00000000E+00 -7.00000000E-03  3.10930000E+00
 -7.00000000E-03  0.00000000E+00  3.10930000E+00
  0.00000000E+00  0.00000000E+00  3.10930000E+00
 -7.00000000E-03 -7.00000000E-03  3.10930000E+00
  0.00000000E+00 -7.00000000E-03  3.10930000E+00
 -7.00000000E-03  0.00000000E+00  3.10930000E+00
  0.00000000E+00  0.00000000E+00  3.10930000E+00
 -7.00000000E-03 -7.00000000E-03  3.29220000E+00
  0.00000000E+00 -7.00000000E-03  3.29220000E+00
 -7.00000000E-03  0.00000000E+00  3.29220000E+00
  0.00000000E+00  0.00000000E+00  3.29220000E+00
 -7.00000000E-03 -7.00000000E-03  3.29220000E+00
  0.00000000E+00 -7.00000000E-03  3.29220000E+00
 -7.00000000E-03  0.00000000E+00  3.29220000E+00
  0.00000000E+00  0.00000000E+00  3.29220000E+00
 -7.00000000E-03 -7.00000000E-03  3.47510000E+00
  0.00000000E+00 -7.00000000E-03  3.47510000E+00
 -7.00000000E-03  0.00000000E+00  3.47510000E+00
  0.00000000E+00  0.00000000E+00  3.47510000E+00
 -7.00000000E-03 -7.00000000E-03  3.47510000E+00
  0.00000000E+00 -7.00000000E-03  3.47510000E+00
 -7.00000000E-03  0.00000000E+00  3.47510000E+00
  0.00000000E+00  0.00000000E+00  3.47510000E+00
 -7.00000000E-03 -7.00000000E-03  3.65800000E+00
  0.00000000E+00 -7.00000000E-03  3.65800000E+00
 -7.00000000E-03  0.00000000E+00  3.65800000E+00
  0.00000000E+00  0.00000000E+00  3.65800000E+00
CELLS        20       180
         8         0         1         2         3         4         5         6         7
         8         8         9        10        11        12        13        14        15
         8        16        17        18        19        20        21        22        23
         8        24        25        26        27        28        29        30        31
         8        32        33        34        35        36        37        38        39
         8        40        41        42        43        44        45        46        47
         8        48        49        50        51        52        53        54        55
         8        56        57        58        59        60        61        62        63
         8        64        65        66        67        68        69        70        71
         8        72        73        74        75        76        77        78        79
         8        80        81        82        83        84        85        86        87
         8        88        89        90        91        92        93        94        95
         8        96        97        98        99       100       101       102       103
         8       104       105       106       107       108       109       110       111
         8       112       113       114       115       116       117       118       119
         8       120       121       122       123       124       125       126       127
         8       128       129       130       131       132       133       134       135
         8       136       137       138       139       140       141       142       143
         8       144       145       146       147       148       149       150       151
         8       152       153       154       155       156       157       158       159
CELL_TYPES      20
11
11
11
11
11
11
11
11
11
11
11
11
11
11
11
11
11
11
11
11
CELL_DATA      20
SCALARS Liquid_Volume_Fraction float
LOOKUP_TABLE default
  1.000000000000000E+00
  1.000000000000000E+00
  1.000000000000000E+00
  1.000000000000000E+00
  1.000000000000000E+00
  1.000000000000000E+00
  1.000000000000000E+00
  1.000000000000000E+00
  1.000000000000000E+00
  1.000000000000000E+00
  1.000000000000000E+00
  1.000000000000000E+00
  1.000000000000000E+00
  1.000000000000000E+00
  1.000000000000000E+00
  1.000000000000000E+00
  1.000000000000000E+00
  1.000000000000000E+00
  1.000000000000000E+00
  1.000000000000000E+00
SCALARS Entrained_Volume_Fraction float
LOOKUP_TABLE default
  0.000000000000000E+00
  0.000000000000000E+00
  0.000000000000000E+00
  0.000000000000000E+00
  0.000000000000000E+00
  0.000000000000000E+00
  0.000000000000000E+00
  0.000000000000000E+00
  0.000000000000000E+00
  0.000000000000000E+00
  0.000000000000000E+00
  0.000000000000000E+00
  0.000000000000000E+00
  0.000000000000000E+00
  0.000000000000000E+00
  0.000000000000000E+00
  0.000000000000000E+00
  0.000000000000000E+00
  0.000000000000000E+00
  0.000000000000000E+00
SCALARS Vapor_Volume_Fraction float
LOOKUP_TABLE default
  0.000000000000000E+00
  0.000000000000000E+00
  0.000000000000000E+00
  0.000000000000000E+00
  0.000000000000000E+00
  0.000000000000000E+00
  0.000000000000000E+00
  0.000000000000000E+00
  0.000000000000000E+00
  0.000000000000000E+00
  0.000000000000000E+00
  0.000000000000000E+00
  0.000000000000000E+00
  0.000000000000000E+00
  0.000000000000000E+00
  0.000000000000000E+00
  0.000000000000000E+00
  0.000000000000000E+00
  0.000000000000000E+00
  0.000000000000000E+00
SCALARS Pressure float
LOOKUP_TABLE default
  1.652684046435229E+02
  1.652548398203574E+02
  1.652412900365684E+02
  1.652277553206876E+02
  1.652142357035567E+02
  1.652007312159469E+02
  1.651872418865779E+02
  1.651737677471533E+02
  1.651603088285562E+02
  1.651468651613544E+02
  1.651334367759796E+02
  1.651200237027513E+02
  1.651066259718810E+02
  1.650932436134702E+02
  1.650798766575074E+02
  1.650665251338636E+02
  1.650531890666786E+02
  1.650398684897646E+02
  1.650265634332872E+02
  1.650132739268986E+02
SCALARS Liquid_Enthalpy float
LOOKUP_TABLE default
  1.291567342446056E+03
  1.293991172625496E+03
  1.296414290324757E+03
  1.298836674829374E+03
  1.301258305046529E+03
  1.303679187362925E+03
  1.306099287440713E+03
  1.308518579725673E+03
  1.310937041102053E+03
  1.313354648602330E+03
  1.315771379057514E+03
  1.318187208993202E+03
  1.320602114587211E+03
  1.323016071649221E+03
  1.325429055609154E+03
  1.327841116395751E+03
  1.330252179978309E+03
  1.332662214288533E+03
  1.335071191218681E+03
  1.337479083502399E+03
SCALARS Vapor_Enthalpy float
LOOKUP_TABLE default
  2.568693940284235E+03
  2.568693940284235E+03
  2.568693940284235E+03
  2.568693940284235E+03
  2.568693940284235E+03
  2.568693940284235E+03
  2.568693940284235E+03
  2.568693940284235E+03
  2.568693940284235E+03
  2.568693940284235E+03
  2.568693940284235E+03
  2.568693940284235E+03
  2.568693940284235E+03
  2.568693940284235E+03
  2.568693940284235E+03
  2.568693940284235E+03
  2.568693940284235E+03
  2.568693940284235E+03
  2.568693940284235E+03
  2.568693940284235E+03
SCALARS Liquid_Density float
LOOKUP_TABLE default
  7.459461945943651E+02
  7.450578667463075E+02
  7.441675119319948E+02
  7.432751328452225E+02
  7.423807324498523E+02
  7.414843036821362E+02
  7.405858546033357E+02
  7.396853901959506E+02
  7.387829146866516E+02
  7.378784323914183E+02
  7.369719478469553E+02
  7.360634658518171E+02
  7.351529914849323E+02
  7.342405301160677E+02
  7.333260874131005E+02
  7.324096409379227E+02
  7.314912152665553E+02
  7.305708193270873E+02
  7.296484607220082E+02
  7.287241469060906E+02
SCALARS Vapor_Density float
LOOKUP_TABLE default
  1.132113675582275E+02
  1.132025396058286E+02
  1.131937115302370E+02
  1.131848833314679E+02
  1.131760550095361E+02
  1.131672265644566E+02
  1.131583979962447E+02
  1.131495693049151E+02
  1.131407404904829E+02
  1.131319115529632E+02
  1.131230824923709E+02
  1.131142533087211E+02
  1.131054240020287E+02
  1.130965945723088E+02
  1.130877650195765E+02
  1.130789353438466E+02
  1.130701055451343E+02
  1.130612756234545E+02
  1.130524455788223E+02
  1.130436154112527E+02
SCALARS Vapor_Generation float
LOOKUP_TABLE default
  0.000000000000000E+00
  0.000000000000000E+00
  0.000000000000000E+00
  0.000000000000000E+00
  0.000000000000000E+00
  0.000000000000000E+00
  0.000000000000000E+00
  0.000000000000000E+00
  0.000000000000000E+00
  0.000000000000000E+00
  0.000000000000000E+00
  0.000000000000000E+00
  0.000000000000000E+00
  0.000000000000000E+00
  0.000000000000000E+00
  0.000000000000000E+00
  0.000000000000000E+00
  0.000000000000000E+00
  0.000000000000000E+00
  0.000000000000000E+00
SCALARS Scalar_Cell_Flow_Area float
LOOKUP_TABLE default
  8.787781999999999E-05
  8.787781999999999E-05
  8.787781999999999E-05
  8.787781999999999E-05
  8.787781999999999E-05
  8.787781999999999E-05
  8.787781999999999E-05
  8.787781999999999E-05
  8.787781999999999E-05
  8.787781999999999E-05
  8.787781999999999E-05
  8.787781999999999E-05
  8.787781999999999E-05
  8.787781999999999E-05
  8.787781999999999E-05
  8.787781999999999E-05
  8.787781999999999E-05
  8.787781999999999E-05
  8.787781999999999E-05
  8.787781999999999E-05
SCALARS Channel_Wetted_Perimeter float
LOOKUP_TABLE default
  2.984513000000000E-02
  2.984513000000000E-02
  2.984513000000000E-02
  2.984513000000000E-02
  2.984513000000000E-02
  2.984513000000000E-02
  2.984513000000000E-02
  2.984513000000000E-02
  2.984513000000000E-02
  2.984513000000000E-02
  2.984513000000000E-02
  2.984513000000000E-02
  2.984513000000000E-02
  2.984513000000000E-02
  2.984513000000000E-02
  2.984513000000000E-02
  2.984513000000000E-02
  2.984513000000000E-02
  2.984513000000000E-02
  2.984513000000000E-02
SCALARS Equilibrium_Quality float
LOOKUP_TABLE default
                    NaN
                    NaN
                    NaN
                    NaN
                    NaN
                    NaN
                    NaN
                    NaN
                    NaN
                    NaN
                    NaN
                    NaN
                    NaN
                    NaN
                    NaN
                    NaN
                    NaN
                    NaN
                    NaN
                    NaN
SCALARS Mixture_Temperature_C float
LOOKUP_TABLE default
                    NaN
                    NaN
                    NaN
                    NaN
                    NaN
                    NaN
                    NaN
                    NaN
                    NaN
                    NaN
                    NaN
                    NaN
                    NaN
                    NaN
                    NaN
                    NaN
                    NaN
                    NaN
                    NaN
                    NaN
SCALARS Mixture_Mass_Flux_kg/s/m**2 float
LOOKUP_TABLE default
                    NaN
                    NaN
                    NaN
                    NaN
                    NaN
                    NaN
                    NaN
                    NaN
                    NaN
                    NaN
                    NaN
                    NaN
                    NaN
                    NaN
                    NaN
                    NaN
                    NaN
                    NaN
                    NaN
                    NaN
VECTORS Liquid_velocity float
  0.000000000000000E+00  0.000000000000000E+00  4.576517182790144E+00
  0.000000000000000E+00  0.000000000000000E+00  4.581972470013150E+00
  0.000000000000000E+00  0.000000000000000E+00  4.587455419537072E+00
  0.000000000000000E+00  0.000000000000000E+00  4.592964475904131E+00
  0.000000000000000E+00  0.000000000000000E+00  4.598499797344996E+00
  0.000000000000000E+00  0.000000000000000E+00  4.604061550961060E+00
  0.000000000000000E+00  0.000000000000000E+00  4.609649878821129E+00
  0.000000000000000E+00  0.000000000000000E+00  4.615264911844256E+00
  0.000000000000000E+00  0.000000000000000E+00  4.620906789644192E+00
  0.000000000000000E+00  0.000000000000000E+00  4.626575654086288E+00
  0.000000000000000E+00  0.000000000000000E+00  4.632271647483461E+00
  0.000000000000000E+00  0.000000000000000E+00  4.637994912232349E+00
  0.000000000000000E+00  0.000000000000000E+00  4.643745590675054E+00
  0.000000000000000E+00  0.000000000000000E+00  4.649523825026495E+00
  0.000000000000000E+00  0.000000000000000E+00  4.655329802471176E+00
  0.000000000000000E+00  0.000000000000000E+00  4.661163726093084E+00
  0.000000000000000E+00  0.000000000000000E+00  4.667025720573183E+00
  0.000000000000000E+00  0.000000000000000E+00  4.672915889267294E+00
  0.000000000000000E+00  0.000000000000000E+00  4.678834366714811E+00
  0.000000000000000E+00  0.000000000000000E+00  4.683291669960369E+00
VECTORS Vapor_velocity float
  0.000000000000000E+00  0.000000000000000E+00                    NaN
  0.000000000000000E+00  0.000000000000000E+00                    NaN
  0.000000000000000E+00  0.000000000000000E+00                    NaN
  0.000000000000000E+00  0.000000000000000E+00                    NaN
  0.000000000000000E+00  0.000000000000000E+00                    NaN
  0.000000000000000E+00  0.000000000000000E+00                    NaN
  0.000000000000000E+00  0.000000000000000E+00                    NaN
  0.000000000000000E+00  0.000000000000000E+00                    NaN
  0.000000000000000E+00  0.000000000000000E+00                    NaN
  0.000000000000000E+00  0.000000000000000E+00                    NaN
  0.000000000000000E+00  0.000000000000000E+00                    NaN
  0.000000000000000E+00  0.000000000000000E+00                    NaN
  0.000000000000000E+00  0.000000000000000E+00                    NaN
  0.000000000000000E+00  0.000000000000000E+00                    NaN
  0.000000000000000E+00  0.000000000000000E+00                    NaN
  0.000000000000000E+00  0.000000000000000E+00                    NaN
  0.000000000000000E+00  0.000000000000000E+00                    NaN
  0.000000000000000E+00  0.000000000000000E+00                    NaN
  0.000000000000000E+00  0.000000000000000E+00                    NaN
  0.000000000000000E+00  0.000000000000000E+00                    NaN
VECTORS Droplet_velocity float
  0.000000000000000E+00  0.000000000000000E+00                    NaN
  0.000000000000000E+00  0.000000000000000E+00                    NaN
  0.000000000000000E+00  0.000000000000000E+00                    NaN
  0.000000000000000E+00  0.000000000000000E+00                    NaN
  0.000000000000000E+00  0.000000000000000E+00                    NaN
  0.000000000000000E+00  0.000000000000000E+00                    NaN
  0.000000000000000E+00  0.000000000000000E+00                    NaN
  0.000000000000000E+00  0.000000000000000E+00                    NaN
  0.000000000000000E+00  0.000000000000000E+00                    NaN
  0.000000000000000E+00  0.000000000000000E+00                    NaN
  0.000000000000000E+00  0.000000000000000E+00                    NaN
  0.000000000000000E+00  0.000000000000000E+00                    NaN
  0.000000000000000E+00  0.000000000000000E+00                    NaN
  0.000000000000000E+00  0.000000000000000E+00                    NaN
  0.000000000000000E+00  0.000000000000000E+00                    NaN
  0.000000000000000E+00  0.000000000000000E+00                    NaN
  0.000000000000000E+00  0.000000000000000E+00                    NaN
  0.000000000000000E+00  0.000000000000000E+00                    NaN
  0.000000000000000E+00  0.000000000000000E+00                    NaN
  0.000000000000000E+00  0.000000000000000E+00                    NaN
