 Iterations            1  time    0.0000000000000000     
   8.0958018221273571E-011   4.4403474911964742E-008   1.2105460411221139E-012   4.1726656159021314E-008
 
 Iterations            1  time    1.2000000000000000E-004
   1.4032188779927541E-010   7.7087499335727138E-008   8.1462685290621510E-013   4.3175620132686388E-008
 
 Iterations            1  time    2.6400000000000002E-004
   3.4042555670209377E-010   1.8933808698994529E-007   8.8209171316734816E-013   6.7491344588890375E-008
 
 Iterations            1  time    4.3679999999999999E-004
   1.6225057820629808E-009   8.9956644750790423E-007   6.3317808202527587E-013   1.0983282150498692E-007
 
 Iterations            1  time    6.4415999999999996E-004
   4.3491902300893574E-009   2.4101221570669413E-006   5.5280458984762688E-013   1.7575334223202945E-007
 
 Iterations            1  time    8.9299200000000000E-004
   9.2752109140237965E-009   5.1406090640466438E-006   5.3578074205996630E-013   2.4203129946309626E-007
 
 Iterations            1  time    1.1915903999999999E-003
   7.8667157352763338E-009   4.3600162269125204E-006   1.1293247535895117E-012   3.0854404836487236E-007
 
 Iterations            1  time    1.5499084799999998E-003
   2.1877379761109035E-008   1.2125280789564439E-005   2.9172917379475134E-012   3.9351931694916447E-007
 
 Iterations            1  time    1.9798901759999999E-003
   4.6181064472183528E-008   2.5594898417078368E-005   6.6252738141956490E-012   4.8185566574970748E-007
 
 Iterations            1  time    2.4958682111999998E-003
   5.3150008391203171E-008   2.9457175526307159E-005   1.4302691473060126E-011   5.6478680434881936E-007
 
 Iterations            1  time    3.1150418534399999E-003
   1.3662648077483767E-007   7.5722549874377522E-005   2.1587826586131269E-011   6.5492105413183846E-007
 
 Iterations            1  time    3.8580502241280000E-003
   1.5469332570900621E-007   8.5735819075157530E-005   4.2179314721392679E-011   7.4185095361230350E-007
 
 Iterations            1  time    4.7496602689536000E-003
   1.7270897709158529E-007   9.5721110206621729E-005   7.1436394648083150E-011   8.2116162383144583E-007
 
 Iterations            1  time    5.8195923227443202E-003
   3.0947940778510844E-007   1.7152398400095668E-004   9.8028864437506153E-011   8.9408022118884809E-007
 
 Iterations            1  time    6.9430209792245758E-003
   2.8254426500902402E-007   1.5659609299270279E-004   9.3298413588484372E-011   9.5478431457343327E-007
 
 Iterations            1  time    8.1226210685288441E-003
   2.6256605640468718E-007   1.4552256730973891E-004   9.4698885012625635E-011   1.0010506703357948E-006
 
 Iterations            1  time    9.3612011622983271E-003
   3.1750946607553603E-007   1.7597439021647349E-004   9.0695544634266139E-011   1.0339378815535661E-006
 
 Iterations            1  time    1.0661710260756282E-002
   1.7785054923486609E-007   9.8570157151071575E-005   7.0936164941730211E-011   1.0577068694246018E-006
 
 Iterations            1  time    1.2027244814137136E-002
   1.3522735268094893E-007   7.4945763877117222E-005   3.3472371068618775E-011   1.0694238732346429E-006
 
 Iterations            1  time    1.3461056095187033E-002
   1.7964248634775711E-007   9.9562338623061781E-005   6.2564449964042354E-012   1.0742264824158387E-006
 
 Iterations            1  time    1.4966557940289425E-002
   2.6607176253369850E-007   1.4746642222698825E-004   3.9247617253842848E-011   1.0731070557005602E-006
 
 Iterations            1  time    1.6547334877646935E-002
   3.7369039346274278E-007   2.0711598078040715E-004   5.8884059490214934E-011   1.0681825180778024E-006
 
 Iterations            1  time    1.8207150661872323E-002
   4.5693718567741017E-007   2.5325919135463562E-004   6.2310568691024623E-011   1.0578754269330342E-006
 
 Iterations            1  time    1.9949957235308978E-002
   5.6962069705281899E-007   3.1572132462738393E-004   3.8252420543232396E-011   1.0449961948236126E-006
 
 Iterations            1  time    2.1779904137417469E-002
   6.8742360210659585E-007   3.8102452732851732E-004   2.5277080179836141E-011   1.0263779011807179E-006
 
 Iterations            1  time    2.3701348384631383E-002
   8.3273767490679902E-007   4.6158077885389171E-004   1.0212407912078787E-012   1.0076925431762032E-006
 
 Iterations            1  time    2.5718864844205991E-002
   1.0145294780780473E-006   5.6236114933886098E-004   1.2669470953081036E-011   9.8786657759036893E-007
 
 Iterations            1  time    2.7837257126759329E-002
   1.2338684626869735E-006   6.8396104033522319E-004   1.2411040822596313E-011   9.6484500126166577E-007
 
 Iterations            1  time    3.0061569023440336E-002
   1.4972619837568399E-006   8.2998971043773994E-004   2.3534432719021771E-012   9.4189794333129162E-007
 
 Iterations            1  time    3.2397096514955391E-002
   1.8077513570639242E-006   1.0021364164806410E-003   1.0930178927530776E-011   9.1678891373448225E-007
 
 Iterations            1  time    3.4849400381046204E-002
   2.1418090996894552E-006   1.1873638331172816E-003   1.8457512244972755E-011   8.9144633379197410E-007
 
 Iterations            1  time    3.7424319440441556E-002
   2.5276746545529788E-006   1.4013294814057846E-003   2.5347367180227221E-011   8.6631271787512441E-007
 
 Iterations            1  time    4.0127984452806673E-002
   2.9585548661810756E-006   1.6402733024643372E-003   2.6805934580007666E-011   8.4153406049019237E-007
 
 Iterations            1  time    4.2966832715790049E-002
   3.4369672171793616E-006   1.9055974678611413E-003   1.4408691698872334E-011   8.1625158218164054E-007
 
 Iterations            1  time    4.5947623391922592E-002
   3.9693839739439190E-006   2.2008970585027030E-003   1.4640571913981538E-011   7.9071627868634463E-007
 
 Iterations            1  time    4.9077453601861762E-002
   4.5650487573526309E-006   2.5313060527425374E-003   1.3073404634725880E-011   7.6400211602629790E-007
 
 Iterations            1  time    5.2363775322297891E-002
   5.2349466638793718E-006   2.9029253814479659E-003   1.2943529355282973E-011   7.4056163470098393E-007
 
 Iterations            1  time    5.5814413128755826E-002
   5.9711170107342886E-006   3.3113543348519845E-003   1.4440419783231657E-011   7.1717543298093744E-007
 
 Iterations            1  time    5.9437582825536663E-002
   6.7811502523787753E-006   3.7608173410309627E-003   1.3168848252653079E-011   6.9198516326282730E-007
 
 Iterations            1  time    6.3241911007156537E-002
   7.6594872543241136E-006   4.2482485135271371E-003   1.5668834692209295E-011   6.7083645664552762E-007
 
 Iterations            1  time    6.7236455597857403E-002
   8.6268651378470579E-006   4.7851669631391505E-003   1.2984053209541093E-011   6.4831559363360216E-007
 
 Iterations            1  time    7.1430727418093323E-002
   9.6670728190014077E-006   5.3626053334589942E-003   1.5356414543439012E-011   6.2820520818439846E-007
 
 Iterations            1  time    7.5834712829341039E-002
   1.0791966161669353E-005   5.9871646274676253E-003   1.1515512988698206E-011   6.0621802902797303E-007
 
 Iterations            1  time    8.0458897511151137E-002
   1.2011871572648511E-005   6.6646031802076290E-003   1.6874576543127699E-011   5.8597481932914865E-007
 
 Iterations            1  time    8.5314291427051742E-002
   1.3315427098280073E-005   7.3886511015983690E-003   1.1854509643488947E-011   5.6869474097887207E-007
 
 Iterations            1  time    9.0412455038747369E-002
   1.4708825205102198E-005   8.1627826329349028E-003   1.3074721407354165E-011   5.4870146932556661E-007
 
 Iterations            1  time    9.5765526831027778E-002
   1.6190544081156863E-005   8.9861940671746889E-003   1.2057654565374966E-011   5.3193014866850353E-007
 
 Iterations            1  time   0.10138625221292222     
   1.7766385241013500E-005   9.8621524249367654E-003   9.8073521463841393E-012   5.1410642277041647E-007
 
 Iterations            1  time   0.10728801386391137     
   1.9427189800738882E-005   1.0785627055236877E-002   1.2427917133570216E-011   5.0014504152161496E-007
 
 Iterations            1  time   0.11348486359745000     
   2.1175535171098141E-005   1.1758104734964817E-002   1.0868825411407634E-011   4.8815071685067200E-007
 
 Iterations            1  time   0.11999155581766555     
   2.3008877339376981E-005   1.2778235794605870E-002   7.6903288345810761E-012   4.7376983322095978E-007
 
 Iterations            1  time   0.12682358264889187     
   2.4928037267911707E-005   1.3846543177307935E-002   1.0678384714380792E-011   4.6193399909434111E-007
 
 Iterations            1  time   0.13399721082167951     
   2.6926461452767117E-005   1.4959461466636511E-002   9.4082613664766164E-012   4.5061112835496678E-007
 
 Iterations            1  time   0.14152952040310654     
   2.9002188996480969E-005   1.6115979109526949E-002   9.8490760369931810E-012   4.3935393773837356E-007
 
 Iterations            1  time   0.14943844546360491     
   3.1148918504997430E-005   1.7312679112171023E-002   8.5840741116502094E-012   4.2975753617382917E-007
 
 Iterations            1  time   0.15774281677712820     
   3.3366107096788034E-005   1.8549348367631079E-002   7.4773001107687091E-012   4.2525791542172372E-007
 
 Iterations            1  time   0.16646240665632767     
   3.5644047767410334E-005   1.9820684578112615E-002   7.3811229935047501E-012   4.1419994738274222E-007
 
 Iterations            1  time   0.17561797602948709     
   3.7980408635212852E-005   2.1125489040504399E-002   5.7846791397718324E-012   4.0681964205073390E-007
 
 Iterations            1  time   0.18523132387130450     
   4.0369602997859211E-005   2.2460757319185905E-002   4.9824297531627813E-012   3.9999885568635721E-007
 
 Iterations            1  time   0.19523132387130451     
   4.2405810369929145E-005   2.3600740159783071E-002   5.4131684752251991E-012   3.9810394578199523E-007
 
 Iterations            1  time   0.20523132387130452     
   4.2717402233463176E-005   2.3781649597944793E-002   4.0968785523293909E-012   3.9613003779650845E-007
 
 Iterations            1  time   0.21523132387130453     
   4.2925147531209783E-005   2.3904902997148526E-002   4.9246838952801965E-012   3.9515575528079582E-007
 
 Iterations            1  time   0.22523132387130454     
   4.3044258187926147E-005   2.3978909868828027E-002   4.4074830302510753E-012   3.8997732369096446E-007
 
 Iterations            1  time   0.23523132387130455     
   4.3092474912932046E-005   2.4013500936194251E-002   3.9654300095743842E-012   3.9069910138133994E-007
 
 Iterations            1  time   0.24523132387130456     
   4.3080329221221188E-005   2.4014501593517455E-002   3.9716783466903887E-012   3.8550361110172900E-007
 
 Iterations            1  time   0.25523132387130454     
   4.3015927855138365E-005   2.3986393808059767E-002   3.0416841320743568E-012   3.8671459412109404E-007
 
 Iterations            1  time   0.26523132387130455     
   4.2907306970087337E-005   2.3933626435636016E-002   3.0341527854847444E-012   3.8587591673345983E-007
 
 Iterations            1  time   0.27523132387130456     
   4.2760557323311135E-005   2.3859569602530797E-002   2.4392565253957363E-012   3.8186342209524338E-007
 
 Iterations            1  time   0.28523132387130457     
   4.2581514647929922E-005   2.3767455640755390E-002   2.3272669978193830E-012   3.7817248217536505E-007
 
 Iterations            1  time   0.29523132387130457     
   4.2374127420614185E-005   2.3659468251299463E-002   2.2630718091302926E-012   3.7630808050020502E-007
 
 Iterations            1  time   0.30523132387130458     
   4.2142448090621917E-005   2.3537852565268028E-002   2.2902563701532098E-012   3.7670142134073361E-007
 
 Iterations            1  time   0.31523132387130459     
   4.1889656554870338E-005   2.3404369137349397E-002   1.9426610361502072E-012   3.6544282515085704E-007
 
 Iterations            1  time   0.32523132387130460     
   4.1618705437292986E-005   2.3260654754948852E-002   2.0545957532804280E-012   3.6651346139306376E-007
 
 Iterations            1  time   0.33523132387130461     
   4.1331492477726942E-005   2.3107758385126322E-002   2.3524374038291016E-012   3.6830395544959676E-007
 
 Iterations            1  time   0.34523132387130462     
   4.1029969806486992E-005   2.2946761316380869E-002   2.1979970838640816E-012   3.6596242928123479E-007
 
 Iterations            1  time   0.35523132387130463     
   4.0724289039358344E-005   2.2783345066123929E-002   1.4398167631710240E-012   3.5888327686381661E-007
 
 Iterations            1  time   0.36523132387130464     
   4.0404613719042086E-005   2.2611987358910329E-002   1.9274603303625664E-012   3.6079938006275839E-007
 
 Iterations            1  time   0.37523132387130465     
   4.0071419906385484E-005   2.2432943753351385E-002   1.5443212788922408E-012   3.5895357299835454E-007
 
 Iterations            1  time   0.38523132387130465     
   3.9727011689717270E-005   2.2247499352786273E-002   1.2821511345365612E-012   3.5743651629307861E-007
 
 Iterations            1  time   0.39523132387130466     
   3.9421306511674502E-005   2.2083606787882331E-002   3.6224946729461988E-013   3.4932258265465657E-007
 
 Iterations            1  time   0.40523132387130467     
   3.9100305548185056E-005   2.1911038172033777E-002   1.6616870213936927E-012   3.4882280733072083E-007
 
 Iterations            1  time   0.41523132387130468     
   3.8758967351129074E-005   2.1726958032640149E-002   1.6956739149265812E-012   3.4546511532268022E-007
 
 Iterations            1  time   0.42523132387130469     
   3.8404238495410561E-005   2.1535247613334932E-002   1.3743058348490314E-012   3.4006627554925623E-007
 
 Iterations            1  time   0.43523132387130470     
   3.8037690281038846E-005   2.1336780118206205E-002   1.7168631383482238E-012   3.3523526505909569E-007
 
 Iterations            1  time   0.44523132387130471     
   3.7660782181041564E-005   2.1132366848161086E-002   1.4749184436679300E-012   3.3261130237672825E-007
 
 Iterations            1  time   0.45523132387130472     
   3.7274645867332838E-005   2.0922636527747375E-002   1.9454997142870700E-012   3.3508726743942333E-007
 
 Iterations            1  time   0.46523132387130472     
   3.6879821984441583E-005   2.0707886662175420E-002   1.3751003061566868E-012   3.3160424887711520E-007
 
 Iterations            1  time   0.47523132387130473     
   3.6476504181658731E-005   2.0488220989491417E-002   1.1343985567967913E-012   3.2805281172014430E-007
 
 Iterations            1  time   0.48523132387130474     
   3.6065567083395664E-005   2.0264125445083214E-002   1.6358487783788578E-012   3.2324517249127344E-007
 
 Iterations            1  time   0.49523132387130475     
   3.5646625273674340E-005   2.0035378891545823E-002   1.3854294289959235E-012   3.1888610185255397E-007
 
 Iterations            1  time   0.50523132387130476     
   3.5220084828763187E-005   1.9802204944476390E-002   1.4359129501511044E-012   3.1573985339435079E-007
 
 Iterations            1  time   0.51523132387130477     
   3.4785574607478515E-005   1.9564389901817983E-002   1.3422518547194785E-012   3.1346820370090781E-007
 
 Iterations            1  time   0.52523132387130478     
   3.4343311935984001E-005   1.9322051122071856E-002   1.3952207733002907E-012   3.1131778609900166E-007
 
 Iterations            1  time   0.53523132387130479     
   3.3893284375293003E-005   1.9075177123289398E-002   1.4708329883843106E-012   3.1049668542747754E-007
 
 Iterations            1  time   0.54523132387130480     
   3.3435508701630367E-005   1.8823772468109835E-002   1.2712736967983686E-012   3.0341351882457084E-007
 
 Iterations            1  time   0.55523132387130480     
   3.2969418920580932E-005   1.8567513563027070E-002   1.3856177730899905E-012   3.0167155168157993E-007
 
 Iterations            1  time   0.56523132387130481     
   3.2495558744437673E-005   1.8306701596148511E-002   1.4457841102893591E-012   2.9840616386783352E-007
 
 Iterations            1  time   0.57523132387130482     
   3.2013379603053262E-005   1.8041022633645213E-002   1.0746503769048965E-012   2.9510814351316357E-007
 
 Iterations            1  time   0.58523132387130483     
   3.1522640163620065E-005   1.7770335368044354E-002   1.0958660785753339E-012   2.9130190704446373E-007
 
 Iterations            1  time   0.59523132387130484     
   3.1023466685297446E-005   1.7494705590913994E-002   9.6784534644869987E-013   2.9243271806465280E-007
 
 Iterations            1  time   0.60523132387130485     
   3.0515788641619225E-005   1.7214088234166588E-002   1.1257180721915541E-012   2.8515138370562283E-007
 
 Iterations            1  time   0.61523132387130486     
   2.9999271636874725E-005   1.6928289207588536E-002   9.9146583223424863E-013   2.8033693657652645E-007
 
 Iterations            1  time   0.62523132387130487     
   2.9474556482000172E-005   1.6637664739115734E-002   1.3140582159993172E-012   2.7804151627346862E-007
 
 Iterations            1  time   0.63523132387130488     
   2.8940865461351000E-005   1.6341770163071975E-002   9.3901710658113328E-013   2.7671320879162088E-007
 
 Iterations            1  time   0.64523132387130488     
   2.8399037577808077E-005   1.6041073895779034E-002   1.0550928611726281E-012   2.7231101571442667E-007
 
 Iterations            1  time   0.65523132387130489     
   2.7848725700706174E-005   1.5735374366392985E-002   1.1578193587380808E-012   2.6834488174289692E-007
 
 Iterations            1  time   0.66523132387130490     
   2.7290078075282741E-005   1.5424750272668935E-002   8.9531880958903155E-013   2.6837584190369683E-007
 
 Iterations            1  time   0.67523132387130491     
   2.6723637033381467E-005   1.5109502666565192E-002   1.1332381471333885E-012   2.6229822254135985E-007
 
 Iterations            1  time   0.68523132387130492     
   2.6149452320172884E-005   1.4789654804879340E-002   8.0361323247556894E-013   2.6097760078787074E-007
 
 Iterations            1  time   0.69523132387130493     
   2.5567979423338345E-005   1.4465459475360067E-002   9.6018106217827669E-013   2.5589748176448887E-007
 
 Iterations            1  time   0.70523132387130494     
   2.4979362797084949E-005   1.4136994062056199E-002   9.7074636167179793E-013   2.5056597313437109E-007
 
 Iterations            1  time   0.71523132387130495     
   2.4384787760143815E-005   1.3804924811711337E-002   9.2173086980862240E-013   2.4708471087274987E-007
 
 Iterations            1  time   0.72523132387130496     
   2.3783951410437940E-005   1.3469076983726616E-002   6.3386097311558355E-013   2.4270590697403999E-007
 
 Iterations            1  time   0.73523132387130496     
   2.3178053577139247E-005   1.3130126034963302E-002   8.3493669517631048E-013   2.3655851617044419E-007
 
 Iterations            1  time   0.74523132387130497     
   2.2567605460092672E-005   1.2788359235157500E-002   9.3868974961626975E-013   2.3784162631885429E-007
 
 Iterations            1  time   0.75523132387130498     
   2.1953233537176876E-005   1.2444128818083516E-002   8.2772945220012871E-013   2.3640180768447522E-007
 
 Iterations            1  time   0.76523132387130499     
   2.1336043850665798E-005   1.2098060537560792E-002   7.3567582063273311E-013   2.3203249552682391E-007
 
 Iterations            1  time   0.77523132387130500     
   2.0716371868249528E-005   1.1750342742960404E-002   1.0310032022388352E-012   2.2957384178701544E-007
 
 Iterations            1  time   0.78523132387130501     
   2.0095227087435848E-005   1.1401547535583456E-002   8.3701851335634393E-013   2.2324275772595152E-007
 
 Iterations            1  time   0.79523132387130502     
   1.9473672820380489E-005   1.1052278505820832E-002   7.1392035519154845E-013   2.1460927464808696E-007
 
 Iterations            1  time   0.80523132387130503     
   1.8852561468933082E-005   1.0703019837394807E-002   8.0610908966819565E-013   2.1524548750447984E-007
 
 Iterations            1  time   0.81523132387130504     
   1.8233004909309809E-005   1.0354404521511405E-002   5.9871489984142808E-013   2.1126947881893077E-007
 
 Iterations            1  time   0.82523132387130504     
   1.7615493521707367E-005   1.0006712831530856E-002   7.0355419732531852E-013   2.0513140456756310E-007
 
 Iterations            1  time   0.83523132387130505     
   1.7001503950337914E-005   9.6607862608062769E-003   8.1259268390057972E-013   1.9967210134824009E-007
 
 Iterations            1  time   0.84523132387130506     
   1.6391584905713903E-005   9.3169399789999590E-003   6.3738921156504046E-013   2.0126146607362761E-007
 
 Iterations            1  time   0.85523132387130507     
   1.5786814961571813E-005   8.9757912272515460E-003   5.5004785554963857E-013   1.9369264532960781E-007
 
 Iterations            1  time   0.86523132387130508     
   1.5188229832500499E-005   8.6379335299442868E-003   6.7004406029326081E-013   1.8782310933956823E-007
 
 Iterations            1  time   0.87523132387130509     
   1.4596864825944946E-005   8.3039608820343457E-003   7.0989220254311002E-013   1.8583365885473772E-007
 
 Iterations            1  time   0.88523132387130510     
   1.4013281518611326E-005   7.9741987475807716E-003   5.7210814509960930E-013   1.8150459682535364E-007
 
 Iterations            1  time   0.89523132387130511     
   1.3438539006359297E-005   7.6492560097286668E-003   5.8269800667791359E-013   1.7673342891722502E-007
 
 Iterations            1  time   0.90523132387130512     
   1.2889668632062116E-005   7.3388617825820611E-003   4.8838145870392097E-013   1.7503979623326052E-007
 
 Iterations            1  time   0.91523132387130512     
   1.2341137105457913E-005   7.0284498850131357E-003   4.7021705649307044E-013   1.7223617535484114E-007
 
 Iterations            1  time   0.92523132387130513     
   1.1799242206593372E-005   6.7216180644366951E-003   5.5610898552591798E-013   1.6414368859098013E-007
 
 Iterations            1  time   0.93523132387130514     
   1.1266577620227452E-005   6.4198533129794953E-003   5.9145950349894622E-013   1.6137637063318796E-007
 
 Iterations            1  time   0.94523132387130515     
   1.0745316732839358E-005   6.1244035499351170E-003   5.9375040244712115E-013   1.5292118146173086E-007
 
 Iterations            1  time   0.95523132387130516     
   1.0236531777667258E-005   5.8358888405553779E-003   5.2562407882703124E-013   1.5527630847458443E-007
 
 Iterations            1  time   0.96523132387130517     
   9.7405705122709058E-006   5.5545161307417384E-003   5.4747525281311948E-013   1.4794206116596628E-007
 
 Iterations            1  time   0.97523132387130518     
   9.2631825836323708E-006   5.2835720669633414E-003   3.6537427798177046E-013   1.4447502193832303E-007
 
 Iterations            1  time   0.98523132387130519     
   8.7981259936764374E-006   5.0195129455709942E-003   3.7266459350907847E-013   1.4010764344576467E-007
 
 Iterations            1  time   0.99523132387130520     
   8.3466939222294187E-006   4.7630809874174909E-003   3.2825382580102615E-013   1.3880782708361262E-007
 
 Iterations            1  time    1.0052313238713051     
   7.9112226291386699E-006   4.5156153606355455E-003   2.3883908762667349E-013   1.3457633352381933E-007
 
 Iterations            1  time    1.0152313238713051     
   7.4895481954347096E-006   4.2758934042687697E-003   3.7487611190517368E-013   1.2831821034991640E-007
 
 Iterations            1  time    1.0252313238713051     
   7.0823361306968620E-006   4.0443037902930055E-003   2.8889155115503492E-013   1.2914695980120655E-007
 
 Iterations            1  time    1.0352313238713051     
   6.6899583895087509E-006   3.8210673337006479E-003   3.4339196931236320E-013   1.2382729940092135E-007
 
 Iterations            1  time    1.0452313238713051     
   6.3123601227559039E-006   3.6061606610940126E-003   3.5743195341540647E-013   1.1702817408063722E-007
 
 Iterations            1  time    1.0552313238713051     
   5.9495776228420686E-006   3.3996126609608379E-003   2.8745317911041361E-013   1.1765448083370770E-007
 
 Iterations            1  time    1.0652313238713051     
   5.6020805414274414E-006   3.2016981332647402E-003   2.9619321453774844E-013   1.1138100595322125E-007
 
 Iterations            1  time    1.0752313238713052     
   5.2693180599152319E-006   3.0121128429737671E-003   2.7642692356225650E-013   1.0766698909064024E-007
 
 Iterations            1  time    1.0852313238713052     
   4.9510187050270247E-006   2.8307084684992207E-003   2.6395204211405856E-013   1.0487535680748262E-007
 
 Iterations            1  time    1.0952313238713052     
   4.6470769407963242E-006   2.6574321504778324E-003   2.4307780186754466E-013   1.0333513350086505E-007
 
 Iterations            1  time    1.1052313238713052     
   4.3575397556556582E-006   2.4923178207616773E-003   2.1888464745403153E-013   9.9273803951152612E-008
 
 Iterations            1  time    1.1152313238713052     
   4.0818677882073387E-006   2.3350638052497359E-003   1.6742217397211008E-013   9.4040649318940461E-008
 
 Iterations            1  time    1.1252313238713052     
   3.8196706621111059E-006   2.1854530035163274E-003   2.2625542903557235E-013   9.4442705906239792E-008
 
 Iterations            1  time    1.1352313238713052     
   3.5709289834640955E-006   2.0434807996922038E-003   2.0845530480943441E-013   8.8509852621223356E-008
 
 Iterations            1  time    1.1452313238713052     
   3.3351436637352984E-006   1.9088672935932821E-003   2.1060371619965506E-013   8.9048790243169181E-008
 
 Iterations            1  time    1.1552313238713052     
   3.1117061002338043E-006   1.7812693943220208E-003   1.8813254314176308E-013   8.4583237515657376E-008
 
 Iterations            1  time    1.1652313238713052     
   2.9005335489290750E-006   1.6606452611357379E-003   1.8831627946929370E-013   8.1465738445033121E-008
 
 Iterations            1  time    1.1752313238713052     
   2.7012120433731208E-006   1.5467626600421534E-003   1.6133310541999325E-013   7.7787465791961657E-008
 
 Iterations            1  time    1.1852313238713053     
   2.5129853187156673E-006   1.4391930083507442E-003   1.4346278382853671E-013   7.4233816257888957E-008
 
 Iterations            1  time    1.1952313238713053     
   2.3357885233883753E-006   1.3379036876048135E-003   1.2011482738985938E-013   7.1715780978168697E-008
 
 Iterations            1  time    1.2052313238713053     
   2.1691342449944580E-006   1.2426196214188332E-003   1.2064013403184175E-013   6.7909238043187701E-008
 
 Iterations            1  time    1.2152313238713053     
   2.0124884762098299E-006   1.1530383323808846E-003   1.2443528639784025E-013   6.6099206871169410E-008
 
 Iterations            1  time    1.2252313238713053     
   1.8655670004759833E-006   1.0690005454692963E-003   9.1986473984047376E-014   6.3297315753385215E-008
 
 Iterations            1  time    1.2352313238713053     
   1.7278259417781914E-006   9.9019801292621638E-004   1.1791477573049866E-013   6.2186162966358267E-008
 
 Iterations            1  time    1.2452313238713053     
   1.5988628115950219E-006   9.1640301709011089E-004   1.1889707161787194E-013   5.9923270144126454E-008
 
 Iterations            1  time    1.2552313238713053     
   1.4781854288626770E-006   8.4733635814807410E-004   1.1359242956517413E-013   5.7086285258220377E-008
 
 Iterations            1  time    1.2652313238713053     
   1.3654944352211831E-006   7.8282881916208490E-004   8.9561509042847667E-014   5.4974561012450302E-008
 
 Iterations            1  time    1.2752313238713053     
   1.2603298756855375E-006   7.2261908916325564E-004   9.1593203055532452E-014   5.4336541748009821E-008
 
 Iterations            1  time    1.2852313238713053     
   1.1623434879489651E-006   6.6650959936002886E-004   8.0107194326848498E-014   5.1759540277112222E-008
 
 Iterations            1  time    1.2952313238713054     
   1.0710764926185971E-006   6.1423931655791328E-004   8.3035514974746276E-014   4.9542993901530938E-008
 
 Iterations            1  time    1.3052313238713054     
   9.8613764364781020E-007   5.6558558219915267E-004   8.0720907201175096E-014   4.6829194031762092E-008
 
 Iterations            1  time    1.3152313238713054     
   9.0718399849860271E-007   5.2035349975495843E-004   6.9734620333209114E-014   4.4256754125308557E-008
 
 Iterations            1  time    1.3252313238713054     
   8.3396769617689680E-007   4.7840220821065863E-004   7.7959199901694384E-014   4.3965547680304262E-008
 
 Iterations            1  time    1.3352313238713054     
   7.6603346565023523E-007   4.3947187036698653E-004   8.0478963563322523E-014   4.2639479842284381E-008
 
 Iterations            1  time    1.3452313238713054     
   7.0307798952610103E-007   4.0338979533060496E-004   4.8695510801530198E-014   3.8917574972289799E-008
 
 Iterations            1  time    1.3552313238713054     
   6.4476327119118012E-007   3.6996308640993754E-004   7.1363574646748306E-014   3.7464968923750986E-008
 
 Iterations            1  time    1.3652313238713054     
   5.9086439169383669E-007   3.3906379253210550E-004   8.0975378012066427E-014   3.5512360275605234E-008
 
 Iterations            1  time    1.3752313238713054     
   5.4103316007841672E-007   3.1049287780538708E-004   5.6996423717392522E-014   3.4959459623217362E-008
 
 Iterations            1  time    1.3852313238713054     
   4.9507156003349782E-007   2.8413759131382170E-004   4.2693213197971650E-014   3.3261262653866700E-008
 
 Iterations            1  time    1.3952313238713054     
   4.5266635106403488E-007   2.5981891509408475E-004   4.7352489237633583E-014   3.2185903486837427E-008
 
 Iterations            1  time    1.4052313238713054     
   4.1357230515353389E-007   2.3739661295713431E-004   3.7293341635483042E-014   3.1588518429219392E-008
 
 Iterations            1  time    1.4152313238713055     
   3.7760030979670082E-007   2.1676289731476081E-004   3.8561266212423557E-014   2.9503285242853026E-008
 
 Iterations            1  time    1.4252313238713055     
   3.4452121655393465E-007   1.9778668534276974E-004   3.5132368646947278E-014   2.7305908577910595E-008
 
 Iterations            1  time    1.4352313238713055     
   3.1408933851292468E-007   1.8032735538683043E-004   3.1191126577778006E-014   2.6887087129699927E-008
 
 Iterations            1  time    1.4452313238713055     
   2.8617924825811938E-007   1.6431335981500396E-004   2.5929942667464051E-014   2.5480208819114603E-008
 
 Iterations            1  time    1.4552313238713055     
   2.6053822652129510E-007   1.4959999321814089E-004   3.5534241504961946E-014   2.4261859531074233E-008
 
 Iterations            1  time    1.4652313238713055     
   2.3702925146520228E-007   1.3610887025637574E-004   2.8649502520364262E-014   2.4001888680984314E-008
 
 Iterations            1  time    1.4752313238713055     
   2.1551219631199146E-007   1.2375982151594935E-004   2.8415047311447680E-014   2.3077979604676836E-008
 
 Iterations            1  time    1.4852313238713055     
   1.9582248466195900E-007   1.1245866777042565E-004   2.7079975950754693E-014   2.0999437256567430E-008
 
 Iterations            1  time    1.4952313238713055     
   1.7778580056727408E-007   1.0210549452803048E-004   2.5015746618754442E-014   2.0193997268927284E-008
 
 Iterations            1  time    1.5052313238713055     
   1.6132735039520450E-007   9.2657568125393061E-005   2.5951837823967131E-014   1.9459071378313712E-008
 
 Iterations            1  time    1.5152313238713055     
   1.4630624052745288E-007   8.4034158720696731E-005   2.2418721193110257E-014   1.8315515330337735E-008
 
 Iterations            1  time    1.5252313238713056     
   1.3257349633256436E-007   7.6149835764183926E-005   2.5468274199657204E-014   1.9191233480413167E-008
 
 Iterations            1  time    1.5352313238713056     
   1.2007150731472521E-007   6.8971675707109786E-005   2.3447910280083305E-014   1.6909351306769809E-008
 
 Iterations            1  time    1.5452313238713056     
   1.0867636069742268E-007   6.2428604630486472E-005   1.9387533213890511E-014   1.6815170754414037E-008
 
 Iterations            1  time    1.5552313238713056     
   9.8294695565581183E-008   5.6467128938033326E-005   2.2220796965814158E-014   1.6633273363034730E-008
 
 Iterations            1  time    1.5652313238713056     
   8.8863086365674818E-008   5.1050909139951623E-005   1.8191836822001204E-014   1.5244463405154053E-008
 
 Iterations            1  time    1.5752313238713056     
   8.0281714993781086E-008   4.6122682958703252E-005   1.7211421996122060E-014   1.3425383711371928E-008
 
 Iterations            1  time    1.5852313238713056     
   7.2488694667945350E-008   4.1646935973080989E-005   1.2650853743966804E-014   1.4473554382996321E-008
 
 Iterations            1  time    1.5952313238713056     
   6.5409795899020387E-008   3.7581143317102446E-005   2.0309593548910886E-014   1.3234467083992564E-008
 
 Iterations            1  time    1.6052313238713056     
   5.8969772408802596E-008   3.3882110551525547E-005   1.6825766005318056E-014   1.2925507657340092E-008
 
 Iterations            1  time    1.6152313238713056     
   5.3158814665523144E-008   3.0544269806733275E-005   1.3805390059733788E-014   1.1599789610669891E-008
 
 Iterations            1  time    1.6252313238713056     
   4.7884296779002790E-008   2.7514421230571692E-005   1.6272824852022135E-014   1.2397026167866156E-008
 
 Iterations            1  time    1.6352313238713057     
   4.3108428544281093E-008   2.4770891433154539E-005   1.2774957693555110E-014   1.1349326278004286E-008
 
 Iterations            1  time    1.6452313238713057     
   3.8790127167043304E-008   2.2290106338557119E-005   1.2680749462088235E-014   1.0809655769955075E-008
 
 Iterations            1  time    1.6552313238713057     
   3.4871067373926069E-008   2.0038608963355728E-005   1.9949048836119881E-014   1.0906407791933400E-008
 
 Iterations            1  time    1.6652313238713057     
   3.1332384311496349E-008   1.8005549726914073E-005   1.0278338991646360E-014   9.8438091225616778E-009
 
 Iterations            1  time    1.6752313238713057     
   2.8146104698898409E-008   1.6174901645645910E-005   1.1697009677756633E-014   8.7357626964203545E-009
 
 Iterations            1  time    1.6852313238713057     
   2.5271073967957001E-008   1.4523029005334301E-005   1.2388735920980804E-014   9.4372845741481311E-009
 
 Iterations            1  time    1.6952313238713057     
   2.2673462474096787E-008   1.3030476919819616E-005   1.3504985793665164E-014   9.1017083102966904E-009
 
 Iterations            1  time    1.7052313238713057     
   2.0329680273455539E-008   1.1683740812449570E-005   1.4197525788040426E-014   8.1287835474778957E-009
 
 Iterations            1  time    1.7152313238713057     
   1.8217043405829335E-008   1.0469783211310290E-005   1.5301435117974924E-014   8.5541022846125128E-009
 
 Iterations            1  time    1.7252313238713057     
   1.6314674085864626E-008   9.3766232915276956E-006   1.1740092732181257E-014   7.9583859529873849E-009
 
 Iterations            1  time    1.7352313238713057     
   1.4608791180133089E-008   8.3963406879849175E-006   1.4566126083082053E-014   7.4999935823483683E-009
 
 Iterations            1  time    1.7452313238713058     
   1.3070865346026215E-008   7.5125437943048064E-006   1.1804422488975880E-014   7.2991624899799065E-009
 
 Iterations            1  time    1.7552313238713058     
   1.1688650995186404E-008   6.7182238376201978E-006   1.1664592960430301E-014   7.7498083433291168E-009
 
 Iterations            1  time    1.7652313238713058     
   1.0443703362552576E-008   6.0027588851566894E-006   1.3169023555442036E-014   7.4139318480504908E-009
 
 Iterations            1  time    1.7752313238713058     
   9.3365225635549511E-009   5.3664560260071707E-006   1.2172905669424819E-014   6.8103940577627047E-009
 
 Iterations            1  time    1.7852313238713058     
   8.3304812798272606E-009   4.7882579785142864E-006   1.0787620717201901E-014   8.4891641510773607E-009
 
 Iterations            1  time    1.7952313238713058     
   7.4329942310863797E-009   4.2724624710033196E-006   8.6002092110321404E-015   6.6220629498449771E-009
 
 Iterations            1  time    1.8052313238713058     
   6.6314849570645839E-009   3.8118113468374347E-006   1.1528542202361758E-014   7.3771137983179385E-009
 
 Iterations            1  time    1.8152313238713058     
   5.9108527067137305E-009   3.3976227542250673E-006   1.2735376009896215E-014   8.1531809750525901E-009
 
 Iterations            1  time    1.8252313238713058     
   5.2657953953790191E-009   3.0268699717405349E-006   1.3278787201209324E-014   7.0729771311970870E-009
 
 Iterations            1  time    1.8352313238713058     
   4.6889426419452963E-009   2.6953006657384993E-006   1.1413006294140622E-014   8.3484808316390703E-009
 
 Iterations            1  time    1.8452313238713058     
   4.1706221831138019E-009   2.3973766303810084E-006   1.1189638192393845E-014   7.3869297417392220E-009
 
 Iterations            1  time    1.8552313238713058     
   3.7086489292089775E-009   2.1318582058771909E-006   1.3713658877363444E-014   5.5797907969904453E-009
 
 Iterations            1  time    1.8652313238713059     
   3.2967011967917262E-009   1.8950548204782120E-006   4.6984638412143329E-010   7.4722897330082357E-009
 
 Iterations            1  time    1.8752313238713059     
   2.9293032278080044E-009   1.6838741950068916E-006   1.2120951076064997E-014   5.4562015993966155E-009
 
 Iterations            1  time    1.8852313238713059     
   2.6007607799709951E-009   1.4950381131702078E-006   3.8117988785291044E-010   5.9500779437877565E-009
 
 Iterations            1  time    1.8952313238713059     
   2.3079506331941792E-009   1.3267162696831020E-006   1.1374233532693354E-014   7.6736949805743020E-009
 
 Iterations            1  time    1.9052313238713059     
   2.0470737868633057E-009   1.1767661038381371E-006   3.0661482256104233E-010   7.0451746966660062E-009
 
 Iterations            1  time    1.9152313238713059     
   1.8139367779194224E-009   1.0427551719084764E-006   1.0699509080592120E-014   4.8235233534780200E-009
 
 Iterations            1  time    1.9252313238713059     
   1.6070520532504366E-009   9.2381923759874055E-007   2.4524418074979216E-010   5.8139756950015772E-009
 
 Iterations            1  time    1.9352313238713059     
   1.4228441782228017E-009   8.1791841051864728E-007   6.6873572180896838E-010   5.9984965020920254E-009
 
 Iterations            1  time    1.9452313238713059     
   1.2590170545235482E-009   7.2375756393882958E-007   1.2332574043021639E-014   5.2008339107874970E-009
 
 Iterations            1  time    1.9552313238713059     
   1.1138041000402474E-009   6.4028547877039571E-007   4.2887537629928903E-010   4.6709715020429741E-009
 
 Iterations            1  time    1.9652313238713059     
   9.8404182021556005E-010   5.6567992131624213E-007   3.2432545557641629E-010   8.1536099936952554E-009
 
 Iterations            1  time    1.9752313238713060     
   8.6866964159019332E-010   4.9937172837994814E-007   1.1979548233460495E-014   5.3901355216601478E-009
 
 Iterations            1  time    1.9852313238713060     
   7.6804169050245882E-010   4.4150341360217793E-007   1.2111850114269372E-010   5.0390461862191118E-009
 
 Iterations            1  time    1.9952313238713060     
   6.7661272655691257E-010   3.8893586941455136E-007   2.1628530102805353E-010   5.0998970456705983E-009
 
 Iterations            1  time    2.0052313238713060     
   5.9555103714520858E-010   3.4236027938501307E-007   1.2913781304638315E-010   7.4483857417836477E-009
 
