 Iterations            1  time    0.0000000000000000     
   7.8065513223200597E-005   4.3266484703402538E-002   1.8023733436719676E-010   3.3021686985072154E-007
 
 Iterations            1  time    1.2000000000000000E-005
   6.3384378557009390E-005   3.5129894490252923E-002   2.3832614133067456E-010   3.2839970714716324E-007
 
 Iterations            1  time    2.6399999999999998E-005
   6.7750046789845727E-005   3.7549583842869508E-002   3.0024056801629867E-010   3.2871102564937039E-007
 
 Iterations            1  time    4.3679999999999995E-005
   6.0414570250463428E-005   3.3483927763666002E-002   3.1501490029777483E-010   3.2700588116155417E-007
 
 Iterations            1  time    6.4415999999999988E-005
   7.4984397149318937E-005   4.1559355221821824E-002   4.9211568704086474E-010   3.2699515198834117E-007
 
 Iterations            1  time    8.9299199999999987E-005
   6.5903684247502770E-005   3.6526646494321836E-002   5.0733576032590664E-010   3.2717788953117363E-007
 
 Iterations            1  time    1.1915903999999998E-004
   7.5950297117464004E-005   4.2094936751964129E-002   8.5746809115972770E-010   3.2600023949286878E-007
 
 Iterations            1  time    1.5499084799999998E-004
   8.2242026404361136E-005   4.5582359920248915E-002   8.5796386407220657E-010   3.2527777171902618E-007
 
 Iterations            1  time    1.9798901759999997E-004
   6.7196636119335062E-005   3.7243723337876282E-002   1.4265747454926625E-009   3.2458580018828566E-007
 
 Iterations            1  time    2.4958682111999995E-004
   8.6724219394372032E-005   4.8067201327741227E-002   7.5851915290819542E-010   3.2331436845404234E-007
 
 Iterations            1  time    3.1150418534399990E-004
   8.3296790185946444E-005   4.6167935111807508E-002   1.1991830597915436E-009   3.2203439364815721E-007
 
 Iterations            1  time    3.8580502241279988E-004
   7.8196594625701415E-005   4.3341641142670417E-002   1.5456774717397950E-009   3.2021149770017629E-007
 
 Iterations            1  time    4.7496602689535986E-004
   1.2496197956141713E-004   6.9262811339793756E-002   1.9938479191219581E-009   3.1854429577560267E-007
 
 Iterations            1  time    5.8195923227443184E-004
   1.2425592995460061E-004   6.8872542050991165E-002   3.7211342221224509E-009   3.1605411605782136E-007
 
 Iterations            1  time    7.1035107872931822E-004
   1.4007432389348700E-004   7.7641782672103199E-002   2.3204254477549142E-009   3.1332399270054271E-007
 
 Iterations            1  time    8.6442129447518185E-004
   1.7093894369317155E-004   9.4751702005835131E-002   3.1429570243141775E-009   3.1034702518670700E-007
 
 Iterations            1  time    1.0493055533702181E-003
   1.7889388537672404E-004   9.9163713300154749E-002   2.9836113714368809E-009   3.0649385107321888E-007
 
 Iterations            1  time    1.2711666640442616E-003
   1.8454111576822393E-004  0.10229711214576701        3.9899166256898215E-009   3.0219413603843645E-007
 
 Iterations            1  time    1.5373999968531140E-003
   1.5492985481800999E-004   8.5885940707221789E-002   5.7507135757036435E-009   2.9654059525288790E-007
 
 Iterations            1  time    1.8568799962237366E-003
   1.8159030416145964E-004  0.10066948894109526        3.4303600063415853E-008   2.9060477012095357E-007
 
 Iterations            1  time    2.2402559954684837E-003
   1.5166709558005323E-004   8.4085276297261244E-002   3.1033503472846914E-008   2.8349563032270160E-007
 
 Iterations            1  time    2.7003071945621805E-003
   1.3503045721283382E-004   7.4866355613193450E-002   2.1131960105354356E-008   2.7580144276053607E-007
 
 Iterations            1  time    3.2523686334746164E-003
   6.3457433102974978E-005   3.5186175231493685E-002   9.7697307706513185E-009   2.6639555183959897E-007
 
 Iterations            1  time    3.9148423601695391E-003
   3.7605348032906337E-005   2.0853798356635377E-002   1.2525669795237891E-008   2.5591133565729650E-007
 
 Iterations            1  time    4.7098108322034468E-003
   4.2526540141337052E-005   2.3584875731027938E-002   2.1178360418525794E-008   2.4341864191963461E-007
 
 Iterations            1  time    5.6637729986441362E-003
   1.0435217627860129E-004   5.7873055893085688E-002   6.0481047766080906E-008   2.2929837682962786E-007
 
 Iterations            1  time    6.8085275983729631E-003
   2.6222908257263715E-004  0.14543637795771214        1.0476570454117172E-007   2.1385548665264150E-007
 
 Iterations            1  time    8.0105199280882319E-003
   3.2228269791742894E-004  0.17875188229394806        1.9748333271521615E-008   1.9579884686057109E-007
 
 Iterations            1  time    9.2726118742892643E-003
   2.5939869815637580E-004  0.14388059025710070        1.1679911424921340E-008   1.7737885268202038E-007
 
 Iterations            1  time    1.0597808417800348E-002
   1.2403743484311919E-004   6.8803953772835366E-002   8.7165066232616269E-009   1.6013526974198257E-007
 
 Iterations            1  time    1.1989264788486987E-002
   2.3974123829865257E-005   1.3302474243080292E-002   6.1221223923766384E-009   1.4312187065517332E-007
 
 Iterations            1  time    1.3450293977707957E-002
   1.0727820181939788E-005   5.9548396330071631E-003   3.3811136074030490E-009   1.2715225972504981E-007
 
 Iterations            1  time    1.4984374626389975E-002
   1.0019448578056836E-004   5.5589495792760145E-002   9.4989502302192225E-009   1.1234998099087421E-007
 
 Iterations            1  time    1.6595159307506095E-002
   1.7561713173409321E-004   9.7444172872000606E-002   7.4036464867441878E-009   9.8924313892472338E-008
 
 Iterations            1  time    1.8286483222678021E-002
   1.5832986466414689E-004   8.7861457463055181E-002   4.0392877669827042E-009   8.7078455266594902E-008
 
 Iterations            1  time    2.0062373333608541E-002
   6.8764772292359086E-005   3.8163509927177167E-002   5.7836642901013409E-009   7.6110765790533355E-008
 
 Iterations            1  time    2.1927057950085590E-002
   7.5499326545146111E-006   4.1905788968130686E-003   1.0721391798302169E-009   6.6644431832733098E-008
 
 Iterations            1  time    2.3884976797386492E-002
   7.8709842483243164E-006   4.3688939238530292E-003   1.5261916409295090E-009   5.8105849652476844E-008
 
 Iterations            1  time    2.5940791587052439E-002
   7.0910211124498540E-006   3.9361105350878087E-003   3.6581293188031064E-009   5.0411917483811004E-008
 
 Iterations            1  time    2.8099397116201682E-002
   8.5029556265759091E-006   4.7199249690108381E-003   3.7944205865979767E-009   4.3401626565297494E-008
 
 Iterations            1  time    3.0365932921808388E-002
   3.8984190682072096E-006   2.1641222888142899E-003   2.3946271548965663E-009   3.7124559267822135E-008
 
 Iterations            1  time    3.2745795517695429E-002
   2.8048271366317544E-006   1.5570574135570800E-003   2.0818089396095350E-011   3.1586542452322592E-008
 
 Iterations            1  time    3.5244651243376821E-002
   2.0983818342641295E-006   1.1649344840557662E-003   1.5661457967679393E-009   2.6768472888485023E-008
 
 Iterations            1  time    3.7868449755342287E-002
   4.1910789962573083E-006   2.3269785259148012E-003   1.5331528909614358E-009   2.2733771013925228E-008
 
 Iterations            1  time    4.0623438192906022E-002
   1.4111753649181167E-006   7.8353270337787133E-004   9.7270862780256590E-010   1.9384623516612624E-008
 
 Iterations            1  time    4.3516176052347949E-002
   1.0488958387020592E-006   5.8234543029013811E-004   1.6831711715180005E-010   1.6655095197103819E-008
 
 Iterations            1  time    4.6553550804761971E-002
   1.2095503590256436E-006   6.7157377492441616E-004   2.7564883246797239E-010   1.4530045979199911E-008
 
 Iterations            1  time    4.9742794294796694E-002
   1.0762283194142022E-006   5.9756470272911543E-004   3.6148803191121153E-010   1.2881477791464852E-008
 
 Iterations            1  time    5.3091499959333148E-002
   8.2771912771080989E-007   4.5958804688585986E-004   7.0686450276486383E-011   1.1651825677034715E-008
 
 Iterations            1  time    5.6607640907096426E-002
   6.7893067263294681E-007   3.7698665539306648E-004   6.7773744716642146E-011   1.0791530375881153E-008
 
 Iterations            1  time    6.0299588902247868E-002
   6.3122715884468225E-007   3.5051323621998752E-004   1.0497673206458462E-010   1.0218562042856465E-008
 
 Iterations            1  time    6.4176134297156878E-002
   6.5645646658110244E-007   3.6453402039979098E-004   7.6027891404865747E-011   9.8025523204603850E-009
 
 Iterations            1  time    6.8246506961811351E-002
   7.0455164687436335E-007   3.9124299368936628E-004   2.4038849515297843E-011   9.6227538277900679E-009
 
 Iterations            1  time    7.2520398259698540E-002
   7.8044570425444675E-007   4.3338123589893140E-004   4.0669063244844883E-012   9.4372453181773146E-009
 
 Iterations            1  time    7.7007984122480097E-002
   8.6180909414978571E-007   4.7854618721527583E-004   6.7410565294804351E-012   9.3345643403936089E-009
 
 Iterations            1  time    8.1719949278400719E-002
   9.4656491681917951E-007   5.2558518245368808E-004   1.0508118991238129E-011   9.2256320786649486E-009
 
 Iterations            1  time    8.6667512692117379E-002
   1.0102532833744592E-006   5.6091913202382037E-004   1.0415552345715241E-011   9.2479371735625178E-009
 
 Iterations            1  time    9.1862454276519873E-002
   1.0613076159631594E-006   5.8923431986860752E-004   7.8084461706467606E-012   9.1440010610019110E-009
 
 Iterations            1  time    9.7317142940142487E-002
   1.0997613010231646E-006   6.1055225673741962E-004   4.6807274047981113E-012   9.1415798624791008E-009
 
 Iterations            1  time   0.10304456603694624     
   1.1206721608968950E-006   6.2213329671399146E-004   3.0291890678123019E-012   9.1166498467347574E-009
 
 Iterations            1  time   0.10905836028859017     
   1.1303303662857011E-006   6.2747288558934948E-004   2.2213421635148290E-012   9.0046711167670085E-009
 
 Iterations            1  time   0.11537284425281631     
   1.1297941380509658E-006   6.2716053503216775E-004   1.4106287802727060E-012   9.0361765775898995E-009
 
 Iterations            1  time   0.12200305241525375     
   1.1227282143322029E-006   6.2323089805857977E-004   1.3228861310489881E-012   8.9331031210605869E-009
 
 Iterations            1  time   0.12896477098581305     
   1.1124671022613010E-006   6.1753436315375033E-004   7.9386642674531069E-013   8.9727683773492497E-009
 
 Iterations            1  time   0.13627457548490032     
   1.1000406569030567E-006   6.1064083774916449E-004   5.4292090559931520E-013   8.9296189300027413E-009
 
 Iterations            1  time   0.14394987020894195     
   1.0878043469537374E-006   6.0385627304451739E-004   3.4692094696951936E-013   8.8790502671573372E-009
 
 Iterations            1  time   0.15200892966918567     
   1.0760626269348359E-006   5.9734837296196159E-004   1.5664253038773141E-013   8.8115975604365788E-009
 
 Iterations            1  time   0.16047094210244159     
   1.0654819622251772E-006   5.9148641559797737E-004   7.2480226399713657E-014   8.7323099504756475E-009
 
 Iterations            1  time   0.16935605515736030     
   1.0563644174802312E-006   5.8643764536313618E-004   3.2947058825006222E-014   8.6661023295317714E-009
 
 Iterations            1  time   0.17868542386502495     
   1.0486700141402270E-006   5.8217955732870613E-004   5.6722012505164897E-014   8.6152183401784568E-009
 
 Iterations            1  time   0.18848126100807283     
   1.0425759244049613E-006   5.7881034536123074E-004   8.2469438770992753E-014   8.5771858565753928E-009
 
 Iterations            1  time   0.19848126100807284     
   1.0091280381113618E-006   5.6025488795587543E-004   2.5818550740336722E-013   8.4252486446593878E-009
 
 Iterations            1  time   0.20848126100807285     
   9.5991231807463961E-007   5.3294388690585770E-004   2.0394897407988682E-013   8.4281801942632913E-009
 
 Iterations            1  time   0.21848126100807286     
   9.1674000347020535E-007   5.0898624140239981E-004   1.1640221178343693E-013   8.3662096879453225E-009
 
 Iterations            1  time   0.22848126100807287     
   8.7827494834224016E-007   4.8764051056462916E-004   9.3601701587106892E-014   8.2519277399241106E-009
 
 Iterations            1  time   0.23848126100807288     
   8.4370186477596419E-007   4.6845425963664572E-004   9.4999058896486150E-014   8.2279613981055101E-009
 
 Iterations            1  time   0.24848126100807288     
   8.1251411684708887E-007   4.5114645444108983E-004   1.1190878910100975E-013   8.1448708231003897E-009
 
 Iterations            1  time   0.25848126100807289     
   7.8416355262739812E-007   4.3541289397139218E-004   1.0955384683521873E-013   8.1038622542826772E-009
 
 Iterations            1  time   0.26848126100807290     
   7.5831355774342489E-007   4.2106681947439117E-004   8.6029972228613145E-014   8.0372416272456903E-009
 
 Iterations            1  time   0.27848126100807291     
   7.3472062267313135E-007   4.0797317302507387E-004   1.1858455888243701E-013   8.0044748443352340E-009
 
 Iterations            1  time   0.28848126100807292     
   7.1304712955489188E-007   3.9594462706597658E-004   7.7379865580425590E-014   7.9606545220232355E-009
 
 Iterations            1  time   0.29848126100807293     
   6.9320111319618681E-007   3.8493019747019494E-004   9.3785585162869589E-014   7.9138492280026004E-009
 
 Iterations            1  time   0.30848126100807294     
   6.7489349158329959E-007   3.7476947396961893E-004   8.6087904629500338E-014   7.8395371987712240E-009
 
 Iterations            1  time   0.31848126100807295     
   6.5804090931629952E-007   3.6541623660819514E-004   7.5832754614638147E-014   7.7801392597860493E-009
 
 Iterations            1  time   0.32848126100807296     
   6.4254865796278677E-007   3.5681795530025995E-004   5.8574541892016894E-014   7.7460533801898358E-009
 
 Iterations            1  time   0.33848126100807296     
   6.2818430133360423E-007   3.4884563951572789E-004   8.8586614593507436E-014   7.6470654275484479E-009
 
 Iterations            1  time   0.34848126100807297     
   6.1495318440037389E-007   3.4150231400216594E-004   6.9945164290059833E-014   7.5988551399767151E-009
 
 Iterations            1  time   0.35848126100807298     
   6.0270417687454508E-007   3.3470411198550465E-004   6.9988459472369866E-014   7.5551962643032822E-009
 
 Iterations            1  time   0.36848126100807299     
   5.9139725024565654E-007   3.2842883262224277E-004   5.8420268917116304E-014   7.5289841748376181E-009
 
 Iterations            1  time   0.37848126100807300     
   5.8089899385017932E-007   3.2260243385138869E-004   7.4162419384387202E-014   7.4732474058209093E-009
 
 Iterations            1  time   0.38848126100807301     
   5.7117226180520857E-007   3.1720431930622487E-004   7.5224465130725793E-014   7.4429821199183695E-009
 
 Iterations            1  time   0.39848126100807302     
   5.6219338383503454E-007   3.1222135128917988E-004   7.0262042766671037E-014   7.4039148201282513E-009
 
 Iterations            1  time   0.40848126100807303     
   5.5389649223247463E-007   3.0761703432350394E-004   5.1110944668020809E-014   7.3479656532243183E-009
 
 Iterations            1  time   0.41848126100807304     
   5.4618251373481426E-007   3.0333631756931153E-004   5.1709988632150572E-014   7.3511656466977203E-009
 
 Iterations            1  time   0.42848126100807304     
   5.3906739238458741E-007   2.9938807826044043E-004   6.5295552703026328E-014   7.2918349798333809E-009
 
 Iterations            1  time   0.43848126100807305     
   5.3240152839814743E-007   2.9568926516002037E-004   3.8331459242095753E-014   7.2688763301401618E-009
 
 Iterations            1  time   0.44848126100807306     
   5.2633017192564270E-007   2.9232055840470051E-004   4.8117962459562629E-014   7.1940299969946148E-009
 
 Iterations            1  time   0.45848126100807307     
   5.2065612668649144E-007   2.8917248143332634E-004   4.1079572155133121E-014   7.1517028527168149E-009
 
 Iterations            1  time   0.46848126100807308     
   5.1541729789827572E-007   2.8626605992681809E-004   3.8605428776481073E-014   7.1475410533222550E-009
 
 Iterations            1  time   0.47848126100807309     
   5.1058699417462227E-007   2.8358650035916058E-004   3.1853798058182552E-014   7.1099791743184007E-009
 
 Iterations            1  time   0.48848126100807310     
   5.0613306044361485E-007   2.8111595077109919E-004   4.4130939292174981E-014   7.0419358401379496E-009
 
 Iterations            1  time   0.49848126100807311     
   5.0203304010327261E-007   2.7884199185872660E-004   4.8210992223176546E-014   7.0440061529395546E-009
 
 Iterations            1  time   0.50848126100807312     
   4.9823800984547766E-007   2.7673738807144216E-004   4.8550142994644030E-014   7.0376985798549937E-009
 
 Iterations            1  time   0.51848126100807312     
   4.9480758668488278E-007   2.7483528903997996E-004   4.3869900538405576E-014   6.9849884678499437E-009
 
 Iterations            1  time   0.52848126100807313     
   4.9163708132207446E-007   2.7307760164750362E-004   6.1566590738409039E-014   6.9780776296125287E-009
 
 Iterations            1  time   0.53848126100807314     
   4.8876898142383328E-007   2.7148787124151182E-004   7.3359021166761253E-014   6.9471095901694980E-009
 
 Iterations            1  time   0.54848126100807315     
   4.8609493658359865E-007   2.7000595412980612E-004   6.9611433397964253E-014   6.8976347847035860E-009
 
 Iterations            1  time   0.55848126100807316     
   4.8373063903366722E-007   2.6869612807513775E-004   7.6873368686376973E-014   6.8971260268785682E-009
 
 Iterations            1  time   0.56848126100807317     
   4.8153614921172427E-007   2.6748061477867627E-004   7.8069215844723047E-014   6.8464579977384759E-009
 
 Iterations            1  time   0.57848126100807318     
   4.7959946918795641E-007   2.6640829376818869E-004   8.3039315001061336E-014   6.8524077020681542E-009
 
 Iterations            1  time   0.58848126100807319     
   4.7783972761172202E-007   2.6543429260455841E-004   1.1511724320665062E-013   6.8062210636753709E-009
 
 Iterations            1  time   0.59848126100807320     
   4.7621481148042855E-007   2.6453518082392787E-004   8.1120209225176602E-014   6.8119068466113216E-009
 
 Iterations            1  time   0.60848126100807320     
   4.7475414453402133E-007   2.6372728712429906E-004   9.1972065451289513E-014   6.7650065368696899E-009
 
 Iterations            1  time   0.61848126100807321     
   4.7343613048428413E-007   2.6299857961153522E-004   1.2675572589260900E-013   6.7904695093408625E-009
 
 Iterations            1  time   0.62848126100807322     
   4.7218953146170245E-007   2.6230953439078809E-004   9.4270840740166464E-014   6.7540499181365692E-009
 
 Iterations            1  time   0.63848126100807323     
   4.7106528856830850E-007   2.6168840671487867E-004   1.0527968114844053E-013   6.7288906503236205E-009
 
 Iterations            1  time   0.64848126100807324     
   4.7004509652170692E-007   2.6112502837485478E-004   8.1470316972853219E-014   6.7119164894288740E-009
 
 Iterations            1  time   0.65848126100807325     
   4.6905763374652681E-007   2.6057974846691994E-004   1.3610835125173401E-013   6.6534353792542713E-009
 
 Iterations            1  time   0.66848126100807326     
   4.6813822514519122E-007   2.6007223775348246E-004   1.1341728909163677E-013   6.6764250885920672E-009
 
 Iterations            1  time   0.67848126100807327     
   4.6732389746187228E-007   2.5962302727060733E-004   1.0256641935250012E-013   6.6675948380386156E-009
 
 Iterations            1  time   0.68848126100807328     
   4.6654989831768019E-007   2.5919618364400457E-004   1.0256088152453345E-013   6.5820136871526320E-009
 
 Iterations            1  time   0.69848126100807328     
   4.6581058410464903E-007   2.5878854853855673E-004   1.6479192604630936E-013   6.5310196208767139E-009
 
 Iterations            1  time   0.70848126100807329     
   4.6516595522729856E-007   2.5843348498905789E-004   1.3821745701173460E-013   6.6026186601266748E-009
 
 Iterations            1  time   0.71848126100807330     
   4.6452893228303975E-007   2.5808258169298813E-004   1.2305627866499827E-013   6.5974721550810514E-009
 
 Iterations            1  time   0.72848126100807331     
   4.6392823413077739E-007   2.5775183481984570E-004   1.3012295820461107E-013   6.5391979224767224E-009
 
 Iterations            1  time   0.73848126100807332     
   4.6334462773398123E-007   2.5743043707078951E-004   1.3468908733613769E-013   6.5147546260261927E-009
 
 Iterations            1  time   0.74848126100807333     
   4.6272537932684967E-007   2.5708917493059123E-004   1.7077728731777362E-013   6.5273212323775326E-009
 
 Iterations            1  time   0.75848126100807334     
   4.6205227194376111E-007   2.5671783787300335E-004   1.1467893408608457E-013   6.5260894713111914E-009
 
 Iterations            1  time   0.76848126100807335     
   4.6123057079061416E-007   2.5626374156464634E-004   1.0061583702384963E-013   6.5274817849826998E-009
 
 Iterations            1  time   0.77848126100807336     
   4.6026136974503621E-007   2.5572741873844428E-004   1.2818454843762207E-013   6.5176719600606145E-009
 
 Iterations            1  time   0.78848126100807336     
   4.5897981324508216E-007   2.5501722479246845E-004   1.2409705670503298E-013   6.4775937049513912E-009
 
 Iterations            1  time   0.79848126100807337     
   4.5737596789764551E-007   2.5412758188264514E-004   1.2042127271325262E-013   6.4895683310230063E-009
 
 Iterations            1  time   0.80848126100807338     
   4.5536068708420865E-007   2.5300890052954908E-004   1.5461938909708435E-013   6.4344355209255384E-009
 
 Iterations            1  time   0.81848126100807339     
   4.5284096278872687E-007   2.5160944928809384E-004   1.5967224915518066E-013   6.4744584545206623E-009
 
 Iterations            1  time   0.82848126100807340     
   4.4975892016145361E-007   2.4989706580732802E-004   1.4647308984714558E-013   6.3516305299224994E-009
 
 Iterations            1  time   0.83848126100807341     
   4.4605316926940985E-007   2.4783757903598793E-004   1.6023408257583542E-013   6.3191771750044627E-009
 
 Iterations            1  time   0.84848126100807342     
   4.4167056504199975E-007   2.4540146317876039E-004   9.7881613989644725E-014   6.3731238054314011E-009
 
 Iterations            1  time   0.85848126100807343     
   4.3654210288644382E-007   2.4255039872095167E-004   1.1535656391377216E-013   6.3480272719892098E-009
 
 Iterations            1  time   0.86848126100807344     
   4.3069357158483383E-007   2.3929877691229590E-004   1.3135146901548136E-013   6.3152928496632379E-009
 
 Iterations            1  time   0.87848126100807344     
   4.2405463747787622E-007   2.3560749530304709E-004   1.1820076492586972E-013   6.1994565620803886E-009
 
 Iterations            1  time   0.88848126100807345     
   4.1669791368300202E-007   2.3151696638976232E-004   9.3858230863276357E-014   6.2406840566348658E-009
 
 Iterations            1  time   0.89848126100807346     
   4.0862395986181608E-007   2.2702761250357507E-004   9.4354483899612575E-014   6.3204886912826346E-009
 
 Iterations            1  time   0.90848126100807347     
   3.9982275383288630E-007   2.2213391712552804E-004   6.0456707278369117E-014   6.2408241425529397E-009
 
 Iterations            1  time   0.91848126100807348     
   3.9040490202823589E-007   2.1689736509014341E-004   1.0115818031569236E-013   6.1344205303400027E-009
 
 Iterations            1  time   0.92848126100807349     
   3.8039995120104563E-007   2.1133451132637938E-004   1.2162324951967479E-013   6.2499419131504456E-009
 
 Iterations            1  time   0.93848126100807350     
   3.6988247665172082E-007   2.0548685759313925E-004   6.1586063620778894E-014   6.1169861663670679E-009
 
 Iterations            1  time   0.94848126100807351     
   3.5892474852120066E-007   1.9939456282998822E-004   1.0270722585271304E-013   6.2381724618818537E-009
 
 Iterations            1  time   0.95848126100807352     
   3.4760433710789000E-007   1.9310089442632855E-004   1.0848989419013721E-013   6.1253177844690485E-009
 
 Iterations            1  time   0.96848126100807352     
   3.3600772471426541E-007   1.8665385860979088E-004   1.1273528010657132E-013   6.0775840932396684E-009
 
 Iterations            1  time   0.97848126100807353     
   3.2420933142350972E-007   1.8009494285865826E-004   9.2019399301288216E-014   6.0195917887825111E-009
 
 Iterations            1  time   0.98848126100807354     
   3.1230529840530379E-007   1.7347752883951927E-004   1.0784578225915433E-013   5.9967241145387684E-009
 
 Iterations            1  time   0.99848126100807355     
   3.0031988023288606E-007   1.6681516329961190E-004   9.0546119925294248E-014   6.1001999212744989E-009
 
 Iterations            1  time    1.0084812610080736     
   2.8840226918647831E-007   1.6019077464972912E-004   8.7770724367674623E-014   6.1013125431940165E-009
 
