 pressure     0.0000000000000000     
   587.47781328027202     
   559.50085268745488     
   531.52581005308230     
   503.55076741870943     
   475.57572478433678     
   447.60068214996397     
   419.62563951559122     
   391.65059688121841     
   363.67555424684571     
   335.70051161247295     
   307.72546897810020     
   279.75042634372738     
   251.77538370935466     
   223.80034107498190     
   195.82529844060917     
   167.85025580623642     
   139.87521317186363     
   111.90017053749088     
   83.925127903118124     
   55.950085268745362     
   27.975042634372596     
   0.0000000000000000     
 
 flow_rate    0.0000000000000000     
  0.66138599999999992     
  0.66138599999999992     
  0.66138599999999992     
  0.66138599999999992     
  0.66138599999999992     
  0.66138599999999992     
  0.66138599999999992     
  0.66138599999999992     
  0.66138599999999992     
  0.66138599999999992     
  0.66138599999999992     
  0.66138599999999992     
  0.66138599999999992     
  0.66138599999999992     
  0.66138599999999992     
  0.66138599999999992     
  0.66138599999999992     
  0.66138599999999992     
  0.66138599999999992     
  0.66138599999999992     
  0.66138599999999992     
  0.66138599999999992     
 
 enthalpy     0.0000000000000000     
   554.23225806451615     
   554.23225806451615     
   554.23225806451615     
   554.23225806451615     
   554.23225806451615     
   554.23225806451615     
   554.23225806451615     
   554.23225806451615     
   554.23225806451615     
   554.23225806451615     
   554.23225806451615     
   554.23225806451615     
   554.23225806451615     
   554.23225806451615     
   554.23225806451615     
   554.23225806451615     
   554.23225806451615     
   554.23225806451615     
   554.23225806451615     
   554.23225806451615     
   554.23225806451615     
   554.23225806451615     
 
 density      0.0000000000000000     
   46.623168882945059     
   46.623018508319561     
   46.622868139326606     
   46.622717775966102     
   46.622567418238042     
   46.622417066142319     
   46.622266719679004     
   46.622116378847899     
   46.621966043649010     
   46.621815714082317     
   46.621665390147776     
   46.621515071845252     
   46.621364759174774     
   46.621214452136243     
   46.621064150729580     
   46.620913854954892     
   46.620763564811924     
   46.620613280300780     
   46.620463001421257     
   46.620312728173495     
   46.620162460557310     
   46.620162460557310     
 
 velocity     0.0000000000000000     
   14.996982327614772     
   14.997030697833461     
   14.997079066552359     
   14.997127433771469     
   14.997175799490762     
   14.997224163710236     
   14.997272526429837     
   14.997320887649597     
   14.997369247369484     
   14.997417605589472     
   14.997465962309541     
   14.997514317529703     
   14.997562671249918     
   14.997611023470185     
   14.997659374190496     
   14.997707723410787     
   14.997756071131109     
   14.997804417351391     
   14.997852762071673     
   14.997901105291872     
   14.997949447012019     
   14.997949447012019     
 
 energy       0.0000000000000000     
   544.71127093703660     
   544.71201181934180     
   544.71275270757621     
   544.71349360173974     
   544.71423450183204     
   544.71497540785288     
   544.71571631980214     
   544.71645723767949     
   544.71719816148482     
   544.71793909121777     
   544.71868002687825     
   544.71942096846601     
   544.72016191598084     
   544.72090286942239     
   544.72164382879055     
   544.72238479408509     
   544.72312576530578     
   544.72386674245251     
   544.72460772552483     
   544.72534871452262     
   544.72608970944566     
   544.72686134734658     
 
 pressure    0.10877198913375000     
   586.63545673731335     
   558.65849952353608     
   530.62299671202607     
   502.64469254538875     
   474.67969844472105     
   446.72235637465076     
   418.76970776958819     
   390.82114132166146     
   362.87687316219382     
   334.93714596646362     
   307.00207657120922     
   279.07170396469047     
   251.14603826212144     
   223.22508189654337     
   195.30883621314038     
   167.39730293227217     
   139.49048439354672     
   111.58838367702040     
   83.691004580433599     
   55.798351617681256     
   27.910430017079676     
   0.0000000000000000     
 
 flow_rate   0.10877198913375000     
  0.66138599999999992     
  0.66124783019735511     
  0.66103672928963075     
  0.66090320438300987     
  0.66089245782540029     
  0.66095553024096465     
  0.66103904319200291     
  0.66112009874180899     
  0.66119572500522339     
  0.66126828861616516     
  0.66133969565717099     
  0.66141076445488489     
  0.66148175184622515     
  0.66155272250634944     
  0.66162369036457525     
  0.66169465839305286     
  0.66176562755517321     
  0.66183659851009535     
  0.66190757187856142     
  0.66197854826980373     
  0.66198722789613673     
  0.66198722789613673     
 
 enthalpy    0.10877198913375000     
   554.23225806451615     
   554.64065632883637     
   555.03640657831227     
   555.31714789465514     
   555.42685703327606     
   555.43621790188047     
   555.41865539601429     
   555.40491295344998     
   555.39868553512144     
   555.39663307253568     
   555.39614347735881     
   555.39610630896368     
   555.39617529575219     
   555.39626398111739     
   555.39635423808261     
   555.39644265544598     
   555.39652849530717     
   555.39661144028912     
   555.39669123217357     
   555.39676761945623     
   555.58599867817668     
   555.58599867817668     
 
 density     0.10877198913375000     
   46.623163251827911     
   46.601412206265678     
   46.580307590681343     
   46.565279883901397     
   46.559312454248598     
   46.558665123678175     
   46.559445449053420     
   46.560023231105276     
   46.560202567172503     
   46.560160566264820     
   46.560035728761605     
   46.559886933128745     
   46.559732539744701     
   46.559577132858344     
   46.559421673646526     
   46.559266342998541     
   46.559111180056540     
   46.558956201668778     
   46.558801421551138     
   46.558646853067799     
   46.548459118300258     
   46.548459118300258     
 
 velocity    0.10877198913375000     
   14.996984138941126     
   15.000849454224698     
   15.002854907138177     
   15.004665227636888     
   15.006344337336087     
   15.007985132393850     
   15.009629856923738     
   15.011284030349396     
   15.012943362205464     
   15.014604517588982     
   15.016266131056021     
   15.017927801027795     
   15.019589438973822     
   15.021251035020569     
   15.022912595422646     
   15.024574129298971     
   15.026235645878012     
   15.027897154670610     
   15.029558665324164     
   15.031220187336453     
   15.034707092199348     
   15.034707092199348     
 
 energy      0.10877198913375000     
   544.71129710151638     
   545.14641646130679     
   545.54955457696656     
   545.80908909735979     
   545.89452391562213     
   545.89228802773175     
   545.87321179419337     
   545.86130841984436     
   545.85692425545960     
   545.85613549310199     
   545.85656316584027     
   545.85731361237367     
   545.85813344105622     
   545.85896444960758     
   545.85979528918506     
   545.86062389323058     
   545.86144975177615     
   545.86227258323675     
   545.86309213660081     
   545.86390816351229     
   546.06551756260660     
   546.06628805189553     
 
 pressure    0.21848126100807286     
   587.04911061752534     
   559.07215135631805     
   531.03849497423937     
   503.04491584694631     
   475.06069780283826     
   447.08690918529447     
   419.12256222599194     
   391.16525332397202     
   363.21251624452066     
   335.26269507294495     
   307.31502501493526     
   279.36929933439200     
   251.42553448221483     
   223.48378796141364     
   195.54409989461701     
   167.60648952851801     
   139.67096416974627     
   111.73752606561098     
   83.806175702080665     
   55.876913026616087     
   27.949737827601012     
   0.0000000000000000     
 
 flow_rate   0.21848126100807286     
  0.66138599999999992     
  0.66137089909714042     
  0.66132103096038841     
  0.66122500675707263     
  0.66110043709444766     
  0.66098786809650234     
  0.66092159083467472     
  0.66091008754479308     
  0.66094011950823894     
  0.66099230812110732     
  0.66105233353227089     
  0.66111329727359402     
  0.66117322413548985     
  0.66123215585807094     
  0.66129053434450957     
  0.66134867689731314     
  0.66140673614640921     
  0.66146477034700857     
  0.66152279825400706     
  0.66158082517779537     
  0.66163104111949500     
  0.66163104111949500     
 
 enthalpy    0.21848126100807286     
   554.23225806451615     
   554.43022781579759     
   554.59072604938433     
   554.81543717971351     
   555.07665786657049     
   555.31665353517519     
   555.48901364131029     
   555.58411803847355     
   555.62178948823487     
   555.62932242760019     
   555.62642384494609     
   555.62241671187087     
   555.61989422944305     
   555.61874671920782     
   555.61835379797719     
   555.61827938234046     
   555.61831559699056     
   555.61838353352437     
   555.61845788030644     
   555.61853148273417     
   555.70837032230679     
   555.70837032230679     
 
 density     0.21848126100807286     
   46.623166663838113     
   46.612547519139653     
   46.603905704564383     
   46.591861135507209     
   46.577875644497098     
   46.565006211731408     
   46.555716317214191     
   46.550520942547799     
   46.548371466501372     
   46.547820803243617     
   46.547823581886512     
   46.547885192245097     
   46.547868054580576     
   46.547777987001943     
   46.547647902541499     
   46.547500936878585     
   46.547348118628285     
   46.547193634252395     
   46.547038826671475     
   46.546884075483078     
   46.541965975657263     
   46.541965975657263     
 
 velocity    0.21848126100807286     
   14.996983041421020     
   15.000057121350892     
   15.001707367270189     
   15.003406673250771     
   15.005084227818594     
   15.006675567771451     
   15.008165033802459     
   15.009578808397881     
   15.010953981058606     
   15.012316858149282     
   15.013679246301628     
   15.015043967956382     
   15.016410540861814     
   15.017778042844004     
   15.019145897007036     
   15.020513847735767     
   15.021881803869638     
   15.023249737829085     
   15.024617642252501     
   15.025985515239581     
   15.028713951716918     
   15.028713951716918     
 
 energy      0.21848126100807286     
   544.71128028361250     
   544.91448946770686     
   545.08704922682603     
   545.32596542602892     
   545.59229488711458     
   545.82273890215833     
   545.97622765956078     
   546.05295201463207     
   546.07879165008933     
   546.08133537330821     
   546.07766070727871     
   546.07454380267984     
   546.07320882169029     
   546.07311102608855     
   546.07360699635240     
   546.07432989232302     
   546.07512470453446     
   546.07593783351410     
   546.07675338530680     
   546.07756712056607     
   546.17059743511436     
   546.17136968875798     
 
 pressure    0.31848126100807295     
   587.00923445768012     
   559.03227536235443     
   531.00592867578871     
   503.01271215773323     
   475.02510140859101     
   447.04432256487439     
   419.07161918055306     
   391.10761456325582     
   363.15189583112959     
   335.20312513390553     
   307.25956274501812     
   279.31962929084153     
   251.38221910010458     
   223.44672287941518     
   195.51288534526199     
   167.58063913914688     
   139.64998886785298     
   111.72095376702910     
   83.793548513711144     
   55.867780959364708     
   27.943654486007052     
   0.0000000000000000     
 
 flow_rate   0.31848126100807295     
  0.66138599999999992     
  0.66137997769726631     
  0.66136499957539285     
  0.66133407027287305     
  0.66127831080962041     
  0.66119534388994039     
  0.66109516163455151     
  0.66099787025769763     
  0.66092414195623761     
  0.66088574923662435     
  0.66088255712776611     
  0.66090617876981195     
  0.66094599803222609     
  0.66099348882581210     
  0.66104357715406081     
  0.66109400163962373     
  0.66114409696309884     
  0.66119384482506949     
  0.66124337904190922     
  0.66129281069602053     
  0.66133921103128757     
  0.66133921103128757     
 
 enthalpy    0.31848126100807295     
   554.23225806451615     
   554.39220003027958     
   554.48942457968099     
   554.60966443579673     
   554.76506616753932     
   554.95789052916018     
   555.17282749416859     
   555.38103054352882     
   555.55388655576894     
   555.67591710983788     
   555.74832697533850     
   555.78345965233189     
   555.79633611358702     
   555.79880024499528     
   555.79780563143970     
   555.79640829508105     
   555.79548513219243     
   555.79504356067207     
   555.79489391739378     
   555.79488262243399     
   555.86517608474253     
   555.86517608474253     
 
 density     0.31848126100807295     
   46.623166387399053     
   46.614558617225406     
   46.609265180633706     
   46.602752705328164     
   46.594376913722492     
   46.584015880321793     
   46.572478061241632     
   46.561291066180452     
   46.551973238328955     
   46.545348316470012     
   46.541354867771823     
   46.539339254288890     
   46.538504790040903     
   46.538222979999524     
   46.538124767323751     
   46.538047946183646     
   46.537945971887360     
   46.537818450128391     
   46.537675447661229     
   46.537525116242264     
   46.533642572739566     
   46.533642572739566     
 
 velocity    0.31848126100807295     
   14.996983130341448     
   14.999615867930979     
   15.000979650029288     
   15.002374321702636     
   15.003806012410646     
   15.005260236912919     
   15.006703511601220     
   15.008100058145144     
   15.009429722428905     
   15.010694040432908     
   15.011909514061365     
   15.013096265640346     
   15.014270007427786     
   15.015439748899295     
   15.016609269519464     
   15.017779528386741     
   15.018950431219427     
   15.020121691481307     
   15.021293101658607     
   15.022464554946275     
   15.024772112839246     
   15.024772112839246     
 
 energy      0.31848126100807295     
   544.71128185070052     
   544.87288488361992     
   544.97285267959410     
   545.09851960409958     
   545.26188070320882     
   545.46231817060743     
   545.68021102847354     
   545.88409309881536     
   546.04640721242686     
   546.15550327125959     
   546.21656773669883     
   546.24408696999058     
   546.25313196136335     
   546.25443021723072     
   546.25367740964953     
   546.25305925485691     
   546.25302356196244     
   546.25343435041339     
   546.25408523171416     
   546.25484051580622     
   546.32643253101787     
   546.32720474157543     
 
 pressure    0.41848126100807304     
   587.00120967262137     
   559.02425061240172     
   531.00432353881240     
   503.01280864302993     
   475.02547243176031     
   447.04276916749490     
   419.06540386271911     
   391.09426858130860     
   363.13020541736125     
   335.17367856718460     
   307.22453278117297     
   279.28198053455657     
   251.34482058584138     
   223.41176125626100     
   195.48169338607218     
   167.55382479813753     
   139.62767953615770     
   111.70301961310810     
   83.779750786089068     
   55.857848775156278     
   27.937315229543628     
   0.0000000000000000     
 
 flow_rate   0.41848126100807304     
  0.66138599999999992     
  0.66138146347561588     
  0.66137238982673363     
  0.66135772103667423     
  0.66133385176729564     
  0.66129564220090764     
  0.66123867864561137     
  0.66116277432124526     
  0.66107435411607229     
  0.66098554939910803     
  0.66091005773887124     
  0.66085816730287328     
  0.66083376544229078     
  0.66083452122349173     
  0.66085436364018268     
  0.66088643062231689     
  0.66092509233567465     
  0.66096666504527268     
  0.66100918665791208     
  0.66105182853055788     
  0.66109220737433860     
  0.66109220737433860     
 
 enthalpy    0.41848126100807304     
   554.23225806451615     
   554.36968428369664     
   554.44809480899676     
   554.53452662518657     
   554.63415386801432     
   554.75417544562799     
   554.90046446037309     
   555.07263929341343     
   555.26095700090377     
   555.44794487808269     
   555.61443236533273     
   555.74646929041012     
   555.83925508976745     
   555.89660997564283     
   555.92736336487883     
   555.94123149349628     
   555.94607025042467     
   555.94696438271603     
   555.94659526754970     
   555.94608191897203     
   556.00518017972524     
   556.00518017972524     
 
 density     0.41848126100807304     
   46.623166328895252     
   46.615749357049467     
   46.611451461970425     
   46.606728449186548     
   46.601306083363525     
   46.594802741863674     
   46.586906417091747     
   46.577635785894529     
   46.567505499278866     
   46.557440942120941     
   46.548459279331581     
   46.541302226341330     
   46.536226444313286     
   46.533030601724541     
   46.531246752158928     
   46.530359352167736     
   46.529951383367745     
   46.529752879710884     
   46.529621467232289     
   46.529497727224516     
   46.526208305369011     
   46.526208305369011     
 
 velocity    0.41848126100807304     
   14.996983149160000     
   14.999266417396239     
   15.000443655032587     
   15.001631030239372     
   15.002835076247358     
   15.004062123173666     
   15.005312602768992     
   15.006576382359993     
   15.007833578208752     
   15.009061400284851     
   15.010242916010649     
   15.011372479463759     
   15.012455446361864     
   15.013503657574473     
   15.014530041457169     
   15.015544961647919     
   15.016555029906796     
   15.017563650210581     
   15.018572183516842     
   15.019580978264853     
   15.021560370473775     
   15.021560370473775     
 
 energy      0.41848126100807304     
   544.71128231874570     
   544.84995972492527     
   544.92959380928448     
   545.01784670490269     
   545.12050527712631     
   545.24513933428739     
   545.39708637317335     
   545.57426790040847     
   545.76471352136844     
   545.94942169466742     
   546.10932578863992     
   546.23216289088407     
   546.31547788364526     
   546.36500540155282     
   546.39046094008972     
   546.40147184482976     
   546.40526281578855     
   546.40619337423425     
   546.40638569197858     
   546.40662738377659     
   546.46681347886908     
   546.46758563728338     
 
 pressure    0.51848126100807312     
   587.01963942103578     
   559.04268030937089     
   531.02822266693613     
   503.03836809728358     
   475.05200600989679     
   447.06933757564622     
   419.09065722102042     
   391.11640180491742     
   363.14716619129229     
   335.18364082063323     
   307.22645947266324     
   279.27600141097020     
   251.33223294300515     
   223.39466497595200     
   195.46244743197644     
   167.53455580103642     
   139.60999075374701     
   111.68792285327864     
   83.767754027561480     
   55.849106991652306     
   27.931774315298657     
   0.0000000000000000     
 
 flow_rate   0.51848126100807312     
  0.66138599999999992     
  0.66138220154336158     
  0.66137492360066952     
  0.66136432928587918     
  0.66134948992008347     
  0.66132857239010623     
  0.66129867662737662     
  0.66125639259637747     
  0.66119926793292394     
  0.66112768987270099     
  0.66104610828681287     
  0.66096264508045388     
  0.66088700606857198     
  0.66082763144200984     
  0.66078943977807747     
  0.66077308431420112     
  0.66077574580229315     
  0.66079277255499924     
  0.66081931126022020     
  0.66085137169560071     
  0.66088447128820060     
  0.66088447128820060     
 
 enthalpy    0.51848126100807312     
   554.23225806451615     
   554.35143308257477     
   554.41873200910084     
   554.49075779015971     
   554.56884173792128     
   554.65560549963720     
   554.75514299050440     
   554.87215455500825     
   555.00981572585079     
   555.16714850331743     
   555.33743029788354     
   555.50892654310576     
   555.66795828343834     
   555.80291216407454     
   555.90729623514915     
   555.98062648762527     
   556.02719223041845     
   556.05370788218693     
   556.06704352839768     
   556.07278075617307     
   556.12567933061268     
   556.12567933061268     
 
 density     0.51848126100807312     
   46.623166414627910     
   46.616714653221173     
   46.613004708881000     
   46.609044175346959     
   46.604762354555469     
   46.600020302882939     
   46.594600989214051     
   46.588254996451020     
   46.580813283604819     
   46.572326535821418     
   46.563149922600978     
   46.553904962254670     
   46.545317394810645     
   46.538004444157949     
   46.532312097367829     
   46.528267352936496     
   46.525643348037136     
   46.524083987642165     
   46.523224602626222     
   46.522768805226796     
   46.519807710195472     
   46.519807710195472     
 
 velocity    0.51848126100807312     
   14.996983121582909     
   14.998972564408483     
   15.000001273618180     
   15.001035576435015     
   15.002077182491563     
   15.003129262347947     
   15.004195938184917     
   15.005280213796599     
   15.006380960871921     
   15.007490722370450     
   15.008596128103267     
   15.009681276421775     
   15.010732558989989     
   15.011742547041729     
   15.012711259280236     
   15.013644709943303     
   15.014551942115505     
   15.015442094232549     
   15.016322522159944     
   15.017198183433743     
   15.018906266972449     
   15.018906266972449     
 
 energy      0.51848126100807312     
   544.71128204966806     
   544.83158079303018     
   544.89986689249349     
   544.97298790364334     
   545.05245523632141     
   545.14119417585380     
   545.24361106381787     
   545.36445846440211     
   545.50642043519588     
   545.66743421511217     
   545.83943387130353     
   546.00967822384359     
   546.16432684925667     
   546.29255593738344     
   546.38926783644570     
   546.45540941905256     
   546.49626592653465     
   546.51893105769716     
   546.53013634049330     
   546.53504576402770     
   546.58815903794971     
   546.58893114871194     
 
 pressure    0.61848126100807321     
   587.06076767978880     
   559.08380844212945     
   531.07401134316342     
   503.08560813807645     
   475.10020602375960     
   447.11794039274554     
   419.13897397667529     
   391.16351938504056     
   363.19187050596679     
   335.22442857982168     
   307.26169992377032     
   279.30424408221023     
   251.35256956531194     
   223.40700248776659     
   195.46757454472589     
   167.53397574143526     
   139.60559242454272     
   111.68161616146513     
   83.761183183226194     
   55.843499353750182     
   27.927920270684883     
   0.0000000000000000     
 
 flow_rate   0.61848126100807321     
  0.66138599999999992     
  0.66138277135318868     
  0.66137662499386918     
  0.66136786751061083     
  0.66135620082508717     
  0.66134108216264742     
  0.66132150703661730     
  0.66129582097785833     
  0.66126177019717558     
  0.66121700262887950     
  0.66116003703704307     
  0.66109138914186993     
  0.66101429915749699     
  0.66093456741716805     
  0.66085939983033903     
  0.66079566827810365     
  0.66074828537354113     
  0.66071930469446438     
  0.66070797136971693     
  0.66071151878611134     
  0.66072504101385821     
  0.66072504101385821     
 
 enthalpy    0.61848126100807321     
   554.23225806451615     
   554.33599988171670     
   554.39443610389617     
   554.45661931891323     
   554.52296164411587     
   554.59422942954393     
   554.67184959162148     
   554.75816062182957     
   554.85630672308753     
   554.96948726373819     
   555.09956435575714     
   555.24549715036119     
   555.40239400244684     
   555.56184995402987     
   555.71365682206988     
   555.84827279513831     
   555.95905965936242     
   556.04345719408741     
   556.10282263634110     
   556.14125532047058     
   556.20846053072921     
   556.20846053072921     
 
 density     0.61848126100807321     
   46.623166624595790     
   46.617531010490907     
   46.614289980126884     
   46.610850351371688     
   46.607190124006635     
   46.603268631089662     
   46.599010204998663     
   46.594290845720600     
   46.588943753804166     
   46.582798994094318     
   46.575757213991707     
   46.567872698526038     
   46.559403904003844     
   46.550796005000478     
   46.542590568047167     
   46.535294598711445     
   46.529261525954055     
   46.524628399721216     
   46.521324035726664     
   46.519131273514233     
   46.515409494587516     
   46.515409494587516     
 
 velocity    0.61848126100807321     
   14.996983054043854     
   14.998722827322801     
   14.999626273070131     
   15.000534535254909     
   15.001447946492446     
   15.002367299615710     
   15.003294185356046     
   15.004231017721878     
   15.005180407232514     
   15.006143759851703     
   15.007119521551063     
   15.008101967002878     
   15.009081408602693     
   15.010046064921660     
   15.010984946917231     
   15.011890575540821     
   15.012760466184590     
   15.013596971476451     
   15.014405825867525     
   15.015194174517907     
   15.016702894311177     
   15.016702894311177     
 
 energy      0.61848126100807321     
   544.71128114580029     
   544.81606273363536     
   544.87541855149391     
   544.93854826917072     
   545.00589977534798     
   545.07832516825829     
   545.15740702208143     
   545.24568630155250     
   545.34645935700792     
   545.46287053448350     
   545.59638479973819     
   545.74522113062130     
   545.90359711348890     
   546.06239396614717     
   546.21117105154053     
   546.34075531873589     
   546.44535304081364     
   546.52342649073921     
   546.57721459185620     
   546.61135186362537     
   546.67574445070568     
   546.67651652605230     
 
 pressure    0.71848126100807330     
   587.11852075834770     
   559.14156133843039     
   531.13574871518802     
   503.14860042144892     
   475.16405130567534     
   447.18221182205889     
   419.20320330704817     
   391.22716374150320     
   363.25425996224482     
   335.28470622261131     
   307.31878514649424     
   279.35686099882412     
   251.39937122008388     
   223.44678484606081     
   195.49952751764965     
   167.55788849963034     
   139.62193737691959     
   111.69147926912528     
   83.766065501352230     
   55.845057115090377     
   27.927720828533907     
   0.0000000000000000     
 
 flow_rate   0.71848126100807330     
  0.66138599999999992     
  0.66138324214182465     
  0.66137799891578053     
  0.66137055709130299     
  0.66136074942261724     
  0.66134835302795270     
  0.66133301893856189     
  0.66131415510810521     
  0.66129079030385929     
  0.66126150241198345     
  0.66122453535026526     
  0.66117820142500616     
  0.66112154508327226     
  0.66105507196037294     
  0.66098122736260234     
  0.66090433982848662     
  0.66082994368537518     
  0.66076366578357082     
  0.66071005753216161     
  0.66067176807776962     
  0.66064871960330984     
  0.66064871960330984     
 
 enthalpy    0.71848126100807330     
   554.23225806451615     
   554.32284598818444     
   554.37379906865499     
   554.42794032234212     
   554.48549439463227     
   554.54676527597212     
   554.61223826650769     
   554.68274636067838     
   554.75965821673776     
   554.84496553054237     
   554.94109456198646     
   555.05031343101189     
   555.17378464701517     
   555.31055437850534     
   555.45692713837434     
   555.60661228743925     
   555.75173647227302     
   555.88443555668766     
   555.99847961536329     
   556.09038432058196     
   556.20031603496614     
   556.20031603496614     
 
 density     0.71848126100807330     
   46.623166928325851     
   46.618226898755218     
   46.615381757093374     
   46.612367689421156     
   46.609172652229034     
   46.605780479183835     
   46.602165393644206     
   46.598283191737423     
   46.594061270299655     
   46.589393963585117     
   46.584152472845702     
   46.578216211166193     
   46.571522991028303     
   46.564122669434305     
   46.556210502563445     
   46.548119673327236     
   46.540267854615422     
   46.533072835819105     
   46.526866136820693     
   46.521833706317096     
   46.515842253136988     
   46.515842253136988     
 
 velocity    0.71848126100807330     
   14.996982956344901     
   14.998509611901680     
   14.999306126428618     
   15.000107234507384     
   15.000913028428062     
   15.001723666500570     
   15.002539541829680     
   15.003361467900403     
   15.004190803444693     
   15.005029330417305     
   15.005878712149594     
   15.006739529320896     
   15.007610173405688     
   15.008486101115562     
   15.009359933046504     
   15.010222564684065     
   15.011064998988601     
   15.011880267374295     
   15.012664769491471     
   15.013418634559006     
   15.014828599599877     
   15.014828599599877     
 
 energy      0.71848126100807330     
   544.71127976100342     
   544.80284246043357     
   544.85467497232503     
   544.90970889684604     
   544.96817569973189     
   545.03039747635114     
   545.09690238882820     
   545.16860492068236     
   545.24699490171326     
   545.33419451738621     
   545.43269880484127     
   545.54468849358489     
   545.67101205428139     
   545.81018487520873     
   545.95788181977696     
   546.10728017325505     
   546.25026696116709     
   546.37913473612707     
   546.48817100260385     
   546.57461314840702     
   546.67915483556590     
   546.67992689629489     
 
 pressure    0.81848126100807339     
   587.18230981579643     
   559.20535019032047     
   531.20295540786481     
   503.21689313794502     
   475.23309196200364     
   447.25164632186386     
   419.27265764094642     
   391.29623534525956     
   363.32250027125053     
   335.35159123912757     
   307.38367578728531     
   279.41896438458355     
   251.45772434272916     
   223.50028616249867     
   195.54703336602628     
   167.59836921853335     
   139.65466071749239     
   111.71616970143612     
   83.782988630046660     
   55.855000281668197     
   27.931874721549327     
   0.0000000000000000     
 
 flow_rate   0.81848126100807339     
  0.66138599999999992     
  0.66138363594957150     
  0.66137914405399378     
  0.66137277503542391     
  0.66136440031311183     
  0.66135387520007960     
  0.66134102259940686     
  0.66132559718151929     
  0.66130722206333481     
  0.66128530223269533     
  0.66125894466616797     
  0.66122694553600980     
  0.66118791829166923     
  0.66114060842159694     
  0.66108436486468047     
  0.66101964088497889     
  0.66094833174031309     
  0.66087377201267783     
  0.66080032241394826     
  0.66073263180268127     
  0.66067457451781297     
  0.66067457451781297     
 
 enthalpy    0.81848126100807339     
   554.23225806451615     
   554.31158943835590     
   554.35615511757055     
   554.40347270987411     
   554.45371484522639     
   554.50707572802287     
   554.56379492317251     
   554.62420914758036     
   554.68884270356750     
   554.75852883842015     
   554.83451728763703     
   554.91848104558358     
   555.01231956365439     
   555.11769959086553     
   555.23538520608099     
   555.36454464355973     
   555.50230726508096     
   555.64381235951055     
   555.78283310923064     
   555.91283883358471     
   556.06732521635968     
   556.06732521635968     
 
 density     0.81848126100807339     
   46.623167270886086     
   46.618822470104490     
   46.616315222306753     
   46.613662206859843     
   46.610854160716741     
   46.607880747465828     
   46.604729221062463     
   46.601381682209784     
   46.597810286226597     
   46.593970807567665     
   46.589796926277863     
   46.585199839799401     
   46.580078650483472     
   46.574344660848944     
   46.567956877305754     
   46.560958817095099     
   46.553502145643819     
   46.545844298053531     
   46.538315576615780     
   46.531262879032582     
   46.522907548450050     
   46.522907548450050     
 
 velocity    0.81848126100807339     
   14.996982846155690     
   14.998326931284250     
   14.999031743771196     
   14.999740965819779     
   15.000454669550917     
   15.001172907899873     
   15.001895775010135     
   15.002623477053136     
   15.003356439055088     
   15.004095413804327     
   15.004841510849385     
   15.005596033290361     
   15.006360040402633     
   15.007133665137257     
   15.007915372630594     
   15.008701463093836     
   15.009486109830375     
   15.010262054286578     
   15.011021822336573     
   15.011759106248748     
   15.013135868109828     
   15.013135868109828     
 
 energy      0.81848126100807339     
   544.71127816899480     
   544.79153277028581     
   544.83694745179343     
   544.88512345161848     
   544.93623534665801     
   544.99048109738112     
   545.04810988005272     
   545.10948056509608     
   545.17516080948144     
   545.24605405851253     
   545.32350060579540     
   545.40925654459670     
   545.50524648138583     
   545.61304504193538     
   545.73316713129236     
   545.86438550139985     
   546.00336358731249     
   546.14482966300761     
   546.28233185452984     
   546.40938448432246     
   546.55946740037666     
   546.56023945850075     
 
 pressure    0.91848126100807348     
   587.24118106025526     
   559.26422124211240     
   531.26476763577966     
   503.27964760727980     
   475.29650217807881     
   447.31541299072649     
   419.33646729367899     
   391.35975797130408     
   363.38538449557791     
   335.41345483314313     
   307.44408907722828     
   279.47742562544005     
   251.51363018445613     
   223.55290650321331     
   195.59550563386546     
   167.64172847469351     
   139.69191567041656     
   111.74642077106245     
   83.805567137259303     
   55.869595126523265     
   27.938611225614565     
   0.0000000000000000     
 
 flow_rate   0.91848126100807348     
  0.66138599999999992     
  0.66138396709107539     
  0.66138010605309994     
  0.66137463444350353     
  0.66136744506168754     
  0.66135842245074372     
  0.66134743948139840     
  0.66133434880481601     
  0.66131896417278457     
  0.66130102597649520     
  0.66128014906054688     
  0.66125576168426947     
  0.66122706163018086     
  0.66119303170550070     
  0.66115255947456897     
  0.66110468332054184     
  0.66104893817331278     
  0.66098571580241672     
  0.66091651557179110     
  0.66084396880451590     
  0.66077124803479415     
  0.66077124803479415     
 
 enthalpy    0.91848126100807348     
   554.23225806451615     
   554.30192385321811     
   554.34101336680669     
   554.38248979877881     
   554.42649838926172     
   554.47319476211078     
   554.52274984945507     
   554.57536225829176     
   554.63128521581041     
   554.69087588198965     
   554.75466907633540     
   554.82346164419994     
   554.89836936606162     
   554.98079624160778     
   555.07225436825513     
   555.17400729951112     
   555.28658022182879     
   555.40926185414025     
   555.53977406683589     
   555.67426925113193     
   555.84577839089945     
   555.84577839089945     
 
 density     0.91848126100807348     
   46.623167591962456     
   46.619333874193217     
   46.617116296897564     
   46.614772318419099     
   46.612294147113943     
   46.609673502843101     
   46.606901288707363     
   46.603966935533975     
   46.600856974102669     
   46.597552421869452     
   46.594024874120201     
   46.590232026591394     
   46.586114645028054     
   46.581598168798415     
   46.576602226905223     
   46.571059516761025     
   46.564941771034206     
   46.558286215710496     
   46.551213199015983     
   46.543926484796216     
   46.534672363630342     
   46.534672363630342     
 
 velocity    0.91848126100807348     
   14.996982742877060     
   14.998169912134959     
   14.998795814700083     
   14.999425923007621     
   15.000060318857035     
   15.000699054510468     
   15.001342180899496     
   15.001989764814775     
   15.002641924911913     
   15.003298891518694     
   15.003961081730914     
   15.004629157121192     
   15.005304004970572     
   15.005986574930986     
   15.006677532014965     
   15.007376759169588     
   15.008082835973871     
   15.008792686694399     
   15.009501584431280     
   15.010203601940741     
   15.011536521886036     
   15.011536521886036     
 
 energy      0.91848126100807348     
   544.71127666945824     
   544.78182458168192     
   544.82173902871921     
   544.86404766727730     
   544.90889680144073     
   544.95644317783285     
   545.00686001476174     
   545.06035120677075     
   545.11718176493093     
   545.17773225259759     
   545.24257758847489     
   545.31257239341778     
   545.38889907932867     
   545.47301409006855     
   545.56643177478168     
   545.67032890691473     
   545.78503088629316     
   545.90952275085886     
   546.04116956741143     
   546.17579760997444     
   546.34596422812047     
   546.34673627833274     
 
 pressure     1.0184812610080736     
   587.28936965029607     
   559.31240967301358     
   531.31549493243961     
   503.33119471091288     
   475.34862534942795     
   447.36785773274124     
   419.38896751258699     
   391.41203496802621     
   363.43714538951582     
   335.46438970075667     
   307.49386558426812     
   279.52567955344819     
   251.55995052965949     
   223.59681537533316     
   195.63643628905473     
   167.67900889196844     
   139.72476840960780     
   111.77399011606902     
   83.826979964108745     
   55.884052710518489     
   27.945497957688850     
   0.0000000000000000     
 
 flow_rate    1.0184812610080736     
  0.66138599999999992     
  0.66138424652670613     
  0.66138091746707339     
  0.66137620177580836     
  0.66137000848022820     
  0.66136224049926784     
  0.66135279376762635     
  0.66134155525662319     
  0.66132839835756108     
  0.66131317292443426     
  0.66129568638743297     
  0.66127567311012625     
  0.66125275329719557     
  0.66122639120143678     
  0.66119587349504638     
  0.66116033725337375     
  0.66111887555601612     
  0.66107073139469474     
  0.66101555830245906     
  0.66095368909440222     
  0.66088571846624145     
  0.66088571846624145     
 
 enthalpy     1.0184812610080736     
   554.23225806451615     
   554.29359810101391     
   554.32797680278804     
   554.36443262961222     
   554.40309017150503     
   554.44408158632154     
   554.48754779807439     
   554.53364127814712     
   554.58253265054350     
   554.63442499638654     
   554.68958087862393     
   554.74836581514080     
   554.81130576152657     
   554.87914398732107     
   554.95286714046256     
   555.03365890382565     
   555.12274305204846     
   555.22110367843197     
   555.32911677276286     
   555.44617889653921     
   555.60636263328217     
   555.60636263328217     
 
 density      1.0184812610080736     
   46.623167857166194     
   46.619774364702636     
   46.617805959280147     
   46.615727583103379     
   46.613532554737667     
   46.611213846709212     
   46.608763962634384     
   46.606174789363308     
   46.603437246583681     
   46.600540528564999     
   46.597470671792017     
   46.594208250230992     
   46.590725326028206     
   46.586982428132750     
   46.582927157713080     
   46.578496624922664     
   46.573625745479319     
   46.568262055610532     
   46.562385249189710     
   46.556026907302183     
   46.547378879009663     
   46.547378879009663     
 
 velocity     1.0184812610080736     
   14.996982657570632     
   14.998034537465028     
   14.998592323973375     
   14.999154094945462     
   14.999719941662564     
   15.000289928624930     
   15.000864113253652     
   15.001442548623743     
   15.002025291578324     
   15.002612421021182     
   15.003204070740527     
   15.003800476530261     
   15.004402026198278     
   15.005009284959385     
   15.005622954699440     
   15.006243725073091     
   15.006871998083927     
   15.007507515892772     
   15.008148979901067     
   15.008793789909600     
   15.010038521610781     
   15.010038521610781     
 
 energy       1.0184812610080736     
   544.71127543391003     
   544.77346476996900     
   544.80864921380874     
   544.84591648580908     
   544.88539197504565     
   544.92720843529992     
   544.97150761785826     
   545.01844345059681     
   545.06818958530357     
   545.12095555253927     
   545.17701673955321     
   545.23676146148046     
   545.30075103359320     
   545.36977524017880     
   545.44486949774671     
   545.52725008818709     
   545.61813117293957     
   545.71841862480528     
   545.82832630158748     
   545.94701187221006     
   546.10814339673800     
   546.10891542744878     
 
