 rod_temps    0.0000000000000000     
 Rod ,           1
 radial pos , 0.0    1.0989019599873821E-003   2.4572194831395402E-003   3.9621473634423839E-003   5.4945097999369100E-003   7.0364057745576679E-003   8.5826986768446391E-003   1.0131375474309959E-002   1.1681488068565768E-002   1.3232531884008287E-002   1.4763779527559053E-002   1.5583989501312335E-002   1.6404199475065617E-002
 axial pos ,   0.0000000000000000       0.30003280839895013       0.90009842519685046        1.5001640419947506        2.1002296587926512        2.7002952755905509        3.3003608923884515        3.9004265091863513        4.5004921259842519        5.1005577427821525        5.7006233595800531        6.3006889763779537        6.9007545931758543        7.5008202099737549        8.1008858267716555        8.7009514435695543        9.3010170603674567        9.9010826771653555        10.501148293963258        11.101213910761157        11.701279527559059        12.001312335958009     
Temperature ,  572.000000  572.000000  572.000000  572.000000  572.000000  572.000000  572.000000  572.000000  572.000000  572.000000  572.000000  572.000000 
Temperature ,  572.000000  572.000000  572.000000  572.000000  572.000000  572.000000  572.000000  572.000000  572.000000  572.000000  572.000000  572.000000 
Temperature ,  572.000000  572.000000  572.000000  572.000000  572.000000  572.000000  572.000000  572.000000  572.000000  572.000000  572.000000  572.000000 
Temperature ,  572.000000  572.000000  572.000000  572.000000  572.000000  572.000000  572.000000  572.000000  572.000000  572.000000  572.000000  572.000000 
Temperature ,  572.000000  572.000000  572.000000  572.000000  572.000000  572.000000  572.000000  572.000000  572.000000  572.000000  572.000000  572.000000 
Temperature ,  572.000000  572.000000  572.000000  572.000000  572.000000  572.000000  572.000000  572.000000  572.000000  572.000000  572.000000  572.000000 
Temperature ,  572.000000  572.000000  572.000000  572.000000  572.000000  572.000000  572.000000  572.000000  572.000000  572.000000  572.000000  572.000000 
Temperature ,  572.000000  572.000000  572.000000  572.000000  572.000000  572.000000  572.000000  572.000000  572.000000  572.000000  572.000000  572.000000 
Temperature ,  572.000000  572.000000  572.000000  572.000000  572.000000  572.000000  572.000000  572.000000  572.000000  572.000000  572.000000  572.000000 
Temperature ,  572.000000  572.000000  572.000000  572.000000  572.000000  572.000000  572.000000  572.000000  572.000000  572.000000  572.000000  572.000000 
Temperature ,  572.000000  572.000000  572.000000  572.000000  572.000000  572.000000  572.000000  572.000000  572.000000  572.000000  572.000000  572.000000 
Temperature ,  572.000000  572.000000  572.000000  572.000000  572.000000  572.000000  572.000000  572.000000  572.000000  572.000000  572.000000  572.000000 
Temperature ,  572.000000  572.000000  572.000000  572.000000  572.000000  572.000000  572.000000  572.000000  572.000000  572.000000  572.000000  572.000000 
Temperature ,  572.000000  572.000000  572.000000  572.000000  572.000000  572.000000  572.000000  572.000000  572.000000  572.000000  572.000000  572.000000 
Temperature ,  572.000000  572.000000  572.000000  572.000000  572.000000  572.000000  572.000000  572.000000  572.000000  572.000000  572.000000  572.000000 
Temperature ,  572.000000  572.000000  572.000000  572.000000  572.000000  572.000000  572.000000  572.000000  572.000000  572.000000  572.000000  572.000000 
Temperature ,  572.000000  572.000000  572.000000  572.000000  572.000000  572.000000  572.000000  572.000000  572.000000  572.000000  572.000000  572.000000 
Temperature ,  572.000000  572.000000  572.000000  572.000000  572.000000  572.000000  572.000000  572.000000  572.000000  572.000000  572.000000  572.000000 
Temperature ,  572.000000  572.000000  572.000000  572.000000  572.000000  572.000000  572.000000  572.000000  572.000000  572.000000  572.000000  572.000000 
Temperature ,  572.000000  572.000000  572.000000  572.000000  572.000000  572.000000  572.000000  572.000000  572.000000  572.000000  572.000000  572.000000 
Temperature ,  572.000000  572.000000  572.000000  572.000000  572.000000  572.000000  572.000000  572.000000  572.000000  572.000000  572.000000  572.000000 
Temperature ,  572.000000  572.000000  572.000000  572.000000  572.000000  572.000000  572.000000  572.000000  572.000000  572.000000  572.000000  572.000000 
 
 rod_temps   0.10877198913375000     
 Rod ,           1
 radial pos , 0.0    1.0989019599873821E-003   2.4572194831395402E-003   3.9621473634423839E-003   5.4945097999369100E-003   7.0364057745576679E-003   8.5826986768446391E-003   1.0131375474309959E-002   1.1681488068565768E-002   1.3232531884008287E-002   1.4763779527559053E-002   1.5583989501312335E-002   1.6404199475065617E-002
 axial pos ,   0.0000000000000000       0.30003280839895013       0.90009842519685046        1.5001640419947506        2.1002296587926512        2.7002952755905509        3.3003608923884515        3.9004265091863513        4.5004921259842519        5.1005577427821525        5.7006233595800531        6.3006889763779537        6.9007545931758543        7.5008202099737549        8.1008858267716555        8.7009514435695543        9.3010170603674567        9.9010826771653555        10.501148293963258        11.101213910761157        11.701279527559059        12.001312335958009     
Temperature ,  571.999906  571.999765  571.999208  571.997043  571.989064  571.961516  571.874127  571.624417  570.995047  569.636229  569.509211  554.671261 
Temperature ,  571.999909  571.999773  571.999235  571.997145  571.989451  571.962912  571.878777  571.638390  571.031934  569.718682  569.594539  555.069197 
Temperature ,  571.999908  571.999771  571.999228  571.997122  571.989375  571.962689  571.878246  571.637619  571.032835  569.729860  569.608015  555.362886 
Temperature ,  571.999908  571.999770  571.999226  571.997113  571.989343  571.962577  571.877902  571.636751  571.031357  569.730116  569.609386  555.510347 
Temperature ,  571.999907  571.999770  571.999225  571.997109  571.989329  571.962526  571.877726  571.636214  571.029967  569.727504  569.606982  555.540610 
Temperature ,  571.999907  571.999770  571.999224  571.997107  571.989321  571.962499  571.877636  571.635928  571.029140  569.725399  569.604774  555.528113 
Temperature ,  571.999907  571.999770  571.999224  571.997106  571.989315  571.962480  571.877577  571.635760  571.028683  569.724211  569.603478  555.513766 
Temperature ,  571.999907  571.999769  571.999223  571.997104  571.989310  571.962463  571.877528  571.635632  571.028383  569.723547  569.602762  555.506397 
Temperature ,  571.999907  571.999769  571.999223  571.997103  571.989305  571.962446  571.877481  571.635515  571.028133  569.723085  569.602282  555.503710 
Temperature ,  571.999907  571.999769  571.999222  571.997101  571.989300  571.962430  571.877434  571.635400  571.027895  569.722683  569.601877  555.502925 
Temperature ,  571.999907  571.999769  571.999222  571.997100  571.989294  571.962413  571.877388  571.635286  571.027660  569.722294  569.601489  555.502720 
Temperature ,  571.999907  571.999769  571.999222  571.997098  571.989289  571.962396  571.877340  571.635170  571.027423  569.721906  569.601103  555.502657 
Temperature ,  571.999907  571.999769  571.999221  571.997096  571.989283  571.962379  571.877292  571.635053  571.027184  569.721516  569.600715  555.502622 
Temperature ,  571.999907  571.999769  571.999221  571.997095  571.989278  571.962362  571.877244  571.634935  571.026943  569.721122  569.600324  555.502591 
Temperature ,  571.999907  571.999768  571.999220  571.997093  571.989272  571.962345  571.877195  571.634816  571.026700  569.720726  569.599929  555.502559 
Temperature ,  571.999907  571.999768  571.999220  571.997091  571.989266  571.962327  571.877146  571.634696  571.026455  569.720326  569.599531  555.502526 
Temperature ,  571.999907  571.999768  571.999219  571.997090  571.989261  571.962309  571.877096  571.634574  571.026207  569.719922  569.599130  555.502491 
Temperature ,  571.999907  571.999768  571.999219  571.997088  571.989255  571.962291  571.877045  571.634451  571.025956  569.719514  569.598724  555.502453 
Temperature ,  571.999907  571.999768  571.999218  571.997086  571.989249  571.962272  571.876993  571.634326  571.025703  569.719102  569.598314  555.502413 
Temperature ,  571.999906  571.999768  571.999218  571.997084  571.989243  571.962253  571.876941  571.634199  571.025446  569.718685  569.597899  555.502371 
Temperature ,  571.999908  571.999771  571.999230  571.997132  571.989424  571.962906  571.879117  571.640735  571.042665  569.757056  569.637591  555.685630 
Temperature ,  571.999908  571.999771  571.999230  571.997132  571.989424  571.962906  571.879117  571.640736  571.042667  569.757059  569.637594  555.685632 
 
 rod_temps   0.21848126100807286     
 Rod ,           1
 radial pos , 0.0    1.0989019599873821E-003   2.4572194831395402E-003   3.9621473634423839E-003   5.4945097999369100E-003   7.0364057745576679E-003   8.5826986768446391E-003   1.0131375474309959E-002   1.1681488068565768E-002   1.3232531884008287E-002   1.4763779527559053E-002   1.5583989501312335E-002   1.6404199475065617E-002
 axial pos ,   0.0000000000000000       0.30003280839895013       0.90009842519685046        1.5001640419947506        2.1002296587926512        2.7002952755905509        3.3003608923884515        3.9004265091863513        4.5004921259842519        5.1005577427821525        5.7006233595800531        6.3006889763779537        6.9007545931758543        7.5008202099737549        8.1008858267716555        8.7009514435695543        9.3010170603674567        9.9010826771653555        10.501148293963258        11.101213910761157        11.701279527559059        12.001312335958009     
Temperature ,  571.989880  571.983817  571.967187  571.926569  571.834618  571.638461  571.246223  570.517130  569.267011  567.311903  567.199860  554.559825 
Temperature ,  571.990238  571.984386  571.968330  571.929084  571.840139  571.650088  571.269208  570.559105  569.336846  567.416381  567.305016  554.725930 
Temperature ,  571.990220  571.984371  571.968334  571.929187  571.840602  571.651642  571.273622  570.570028  569.360504  567.460801  567.350395  554.873428 
Temperature ,  571.990205  571.984351  571.968309  571.929173  571.840694  571.652186  571.275639  570.576069  569.375962  567.494836  567.385830  555.067595 
Temperature ,  571.990194  571.984336  571.968281  571.929128  571.840645  571.652244  571.276255  570.578660  569.384208  567.516637  567.409126  555.267366 
Temperature ,  571.990187  571.984325  571.968260  571.929085  571.840565  571.652131  571.276234  570.579313  569.387481  567.527740  567.421425  555.425416 
Temperature ,  571.990182  571.984317  571.968245  571.929052  571.840495  571.651994  571.276017  570.579149  569.388101  567.531731  567.426138  555.520841 
Temperature ,  571.990178  571.984311  571.968233  571.929027  571.840439  571.651878  571.275793  570.578777  569.387707  567.532182  567.426904  555.562934 
Temperature ,  571.990175  571.984306  571.968223  571.929005  571.840394  571.651785  571.275609  570.578432  569.387124  567.531445  567.426249  555.573915 
Temperature ,  571.990171  571.984300  571.968214  571.928986  571.840355  571.651707  571.275460  570.578157  569.386629  567.530601  567.425397  555.572628 
Temperature ,  571.990168  571.984295  571.968204  571.928967  571.840318  571.651636  571.275330  570.577932  569.386249  567.529949  567.424720  555.569082 
Temperature ,  571.990165  571.984290  571.968195  571.928949  571.840281  571.651567  571.275209  570.577733  569.385940  567.529471  567.424226  555.566566 
Temperature ,  571.990161  571.984285  571.968186  571.928930  571.840244  571.651498  571.275090  570.577544  569.385663  567.529089  567.423837  555.565319 
Temperature ,  571.990158  571.984280  571.968176  571.928911  571.840207  571.651430  571.274971  570.577357  569.385398  567.528748  567.423495  555.564827 
Temperature ,  571.990154  571.984275  571.968167  571.928892  571.840170  571.651360  571.274852  570.577170  569.385136  567.528420  567.423168  555.564669 
Temperature ,  571.990151  571.984270  571.968157  571.928873  571.840132  571.651290  571.274731  570.576982  569.384872  567.528094  567.422844  555.564630 
Temperature ,  571.990147  571.984264  571.968147  571.928854  571.840094  571.651219  571.274609  570.576791  569.384605  567.527765  567.422517  555.564628 
Temperature ,  571.990144  571.984259  571.968137  571.928834  571.840055  571.651148  571.274486  570.576598  569.384336  567.527433  567.422188  555.564634 
Temperature ,  571.990140  571.984254  571.968127  571.928814  571.840016  571.651075  571.274361  570.576403  569.384063  567.527098  567.421855  555.564640 
Temperature ,  571.990136  571.984248  571.968117  571.928794  571.839977  571.651001  571.274235  570.576206  569.383788  567.526758  567.421517  555.564644 
Temperature ,  571.990303  571.984514  571.968650  571.929967  571.842551  571.656420  571.284938  570.595735  569.416249  567.575271  567.470337  555.640772 
Temperature ,  571.990303  571.984514  571.968650  571.929967  571.842552  571.656420  571.284939  570.595736  569.416250  567.575273  567.470339  555.640773 
 
 rod_temps   0.31848126100807295     
 Rod ,           1
 radial pos , 0.0    1.0989019599873821E-003   2.4572194831395402E-003   3.9621473634423839E-003   5.4945097999369100E-003   7.0364057745576679E-003   8.5826986768446391E-003   1.0131375474309959E-002   1.1681488068565768E-002   1.3232531884008287E-002   1.4763779527559053E-002   1.5583989501312335E-002   1.6404199475065617E-002
 axial pos ,   0.0000000000000000       0.30003280839895013       0.90009842519685046        1.5001640419947506        2.1002296587926512        2.7002952755905509        3.3003608923884515        3.9004265091863513        4.5004921259842519        5.1005577427821525        5.7006233595800531        6.3006889763779537        6.9007545931758543        7.5008202099737549        8.1008858267716555        8.7009514435695543        9.3010170603674567        9.9010826771653555        10.501148293963258        11.101213910761157        11.701279527559059        12.001312335958009     
Temperature ,  571.924178  571.897850  571.834497  571.705696  571.467120  571.050243  570.359951  569.279285  567.685108  565.484494  565.385528  554.482593 
Temperature ,  571.926605  571.901054  571.839520  571.714248  571.481793  571.074716  570.398901  569.337783  567.767388  565.592311  565.493630  554.610778 
Temperature ,  571.926867  571.901469  571.840333  571.715962  571.485351  571.081763  570.412008  569.360423  567.803368  565.644435  565.546068  554.691556 
Temperature ,  571.926969  571.901651  571.840738  571.716913  571.487527  571.086483  570.421596  569.378478  567.834588  565.693417  565.595586  554.795018 
Temperature ,  571.926991  571.901708  571.840901  571.717365  571.488700  571.089319  570.427962  569.391683  567.859717  565.736759  565.639759  554.928663 
Temperature ,  571.926981  571.901708  571.840938  571.717528  571.489227  571.090798  570.431711  569.400365  567.878090  565.771988  565.676076  555.087565 
Temperature ,  571.926960  571.901686  571.840921  571.717547  571.489390  571.091420  570.433597  569.405370  567.890039  565.797707  565.702984  555.252516 
Temperature ,  571.926938  571.901660  571.840886  571.717508  571.489381  571.091576  570.434334  569.407794  567.896776  565.814220  565.720576  555.398824 
Temperature ,  571.926919  571.901635  571.840849  571.717452  571.489307  571.091523  570.434471  569.408671  567.899914  565.823293  565.730471  555.508722 
Temperature ,  571.926901  571.901612  571.840815  571.717396  571.489219  571.091399  570.434356  569.408776  567.900961  565.827339  565.735037  555.578000 
Temperature ,  571.926884  571.901591  571.840783  571.717344  571.489134  571.091266  570.434166  569.408577  567.901015  565.828570  565.736538  555.613896 
Temperature ,  571.926868  571.901570  571.840753  571.717296  571.489055  571.091140  570.433973  569.408305  567.900713  565.828541  565.736618  555.628319 
Temperature ,  571.926852  571.901550  571.840723  571.717249  571.488981  571.091023  570.433795  569.408043  567.900348  565.828112  565.736217  555.631895 
Temperature ,  571.926836  571.901530  571.840694  571.717203  571.488909  571.090912  570.433630  569.407807  567.900013  565.827648  565.735752  555.631437 
Temperature ,  571.926820  571.901510  571.840665  571.717158  571.488837  571.090804  570.433473  569.407589  567.899720  565.827249  565.735345  555.630206 
Temperature ,  571.926804  571.901489  571.840635  571.717111  571.488765  571.090695  570.433318  569.407380  567.899452  565.826912  565.735003  555.629283 
Temperature ,  571.926787  571.901469  571.840605  571.717065  571.488693  571.090587  570.433164  569.407174  567.899196  565.826611  565.734700  555.628789 
Temperature ,  571.926771  571.901448  571.840575  571.717018  571.488619  571.090477  570.433008  569.406969  567.898944  565.826325  565.734415  555.628577 
Temperature ,  571.926754  571.901426  571.840544  571.716970  571.488545  571.090366  570.432851  569.406761  567.898692  565.826043  565.734135  555.628505 
Temperature ,  571.926737  571.901405  571.840513  571.716921  571.488470  571.090253  570.432692  569.406552  567.898437  565.825761  565.733855  555.628492 
Temperature ,  571.927868  571.902898  571.842853  571.720903  571.495297  571.101631  570.450782  569.433683  567.936520  565.875501  565.783707  555.685219 
Temperature ,  571.927868  571.902898  571.842853  571.720904  571.495298  571.101632  570.450783  569.433685  567.936521  565.875503  565.783709  555.685220 
 
 rod_temps   0.41848126100807304     
 Rod ,           1
 radial pos , 0.0    1.0989019599873821E-003   2.4572194831395402E-003   3.9621473634423839E-003   5.4945097999369100E-003   7.0364057745576679E-003   8.5826986768446391E-003   1.0131375474309959E-002   1.1681488068565768E-002   1.3232531884008287E-002   1.4763779527559053E-002   1.5583989501312335E-002   1.6404199475065617E-002
 axial pos ,   0.0000000000000000       0.30003280839895013       0.90009842519685046        1.5001640419947506        2.1002296587926512        2.7002952755905509        3.3003608923884515        3.9004265091863513        4.5004921259842519        5.1005577427821525        5.7006233595800531        6.3006889763779537        6.9007545931758543        7.5008202099737549        8.1008858267716555        8.7009514435695543        9.3010170603674567        9.9010826771653555        10.501148293963258        11.101213910761157        11.701279527559059        12.001312335958009     
Temperature ,  571.746672  571.688608  571.557678  571.316061  570.915241  570.289127  569.357414  568.034439  566.243850  563.945594  563.858169  554.417659 
Temperature ,  571.753710  571.697029  571.569113  571.332739  570.939936  570.325095  569.408093  568.102870  566.331890  564.053110  563.965796  554.527707 
Temperature ,  571.755253  571.699024  571.572143  571.337719  570.948183  570.338401  569.428652  568.132984  566.373426  564.106793  564.019610  554.590647 
Temperature ,  571.756200  571.700298  571.574191  571.341294  570.954466  570.349138  569.446190  568.160068  566.412651  564.159684  564.072710  554.660997 
Temperature ,  571.756730  571.701047  571.575477  571.343696  570.958972  570.357346  569.460460  568.183490  566.448609  564.210840  564.124198  554.743778 
Temperature ,  571.756991  571.701441  571.576213  571.345185  570.961980  570.363226  569.471416  568.202740  566.480218  564.258819  564.172691  554.844750 
Temperature ,  571.757093  571.701616  571.576583  571.346019  570.963822  570.367129  569.479263  568.217601  566.506513  564.301807  564.216406  554.966724 
Temperature ,  571.757112  571.701668  571.576734  571.346423  570.964833  570.369490  569.484442  568.228250  566.526947  564.338044  564.253555  555.105805 
Temperature ,  571.757091  571.701660  571.576765  571.346573  570.965305  570.370759  569.487540  568.235242  566.541596  564.366382  564.282898  555.250670 
Temperature ,  571.757057  571.701626  571.576738  571.346588  570.965463  570.371331  569.489175  568.239379  566.551160  564.386680  564.304169  555.386081 
Temperature ,  571.757018  571.701583  571.576689  571.346542  570.965460  570.371504  569.489887  568.241522  566.556750  564.399829  564.318142  555.498666 
Temperature ,  571.756979  571.701538  571.576633  571.346471  570.965386  570.371479  569.490084  568.242427  566.559590  564.407402  564.326329  555.581468 
Temperature ,  571.756941  571.701494  571.576577  571.346395  570.965287  570.371369  569.490031  568.242658  566.560756  564.411167  564.330493  555.635003 
Temperature ,  571.756904  571.701451  571.576521  571.346319  570.965182  570.371232  569.489879  568.242576  566.561036  564.412664  564.332216  555.665084 
Temperature ,  571.756867  571.701408  571.576466  571.346244  570.965078  570.371091  569.489698  568.242376  566.560923  564.413003  564.332664  555.679415 
Temperature ,  571.756830  571.701365  571.576412  571.346170  570.964976  570.370953  569.489516  568.242149  566.560675  564.412856  564.332558  555.684847 
Temperature ,  571.756793  571.701322  571.576357  571.346096  570.964875  570.370818  569.489339  568.241925  566.560403  564.412560  564.332274  555.686135 
Temperature ,  571.756755  571.701279  571.576302  571.346022  570.964775  570.370683  569.489166  568.241709  566.560142  564.412251  564.331965  555.685946 
Temperature ,  571.756717  571.701235  571.576246  571.345947  570.964673  570.370549  569.488995  568.241500  566.559896  564.411966  564.331679  555.685480 
Temperature ,  571.756678  571.701191  571.576190  571.345871  570.964571  570.370414  569.488823  568.241292  566.559658  564.411703  564.331415  555.685125 
Temperature ,  571.759953  571.705108  571.581506  571.353619  570.976031  570.387083  569.512267  568.272867  566.600133  564.460882  564.380621  555.732794 
Temperature ,  571.759953  571.705109  571.581507  571.353620  570.976031  570.387083  569.512268  568.272868  566.600135  564.460883  564.380623  555.732795 
 
 rod_temps   0.51848126100807312     
 Rod ,           1
 radial pos , 0.0    1.0989019599873821E-003   2.4572194831395402E-003   3.9621473634423839E-003   5.4945097999369100E-003   7.0364057745576679E-003   8.5826986768446391E-003   1.0131375474309959E-002   1.1681488068565768E-002   1.3232531884008287E-002   1.4763779527559053E-002   1.5583989501312335E-002   1.6404199475065617E-002
 axial pos ,   0.0000000000000000       0.30003280839895013       0.90009842519685046        1.5001640419947506        2.1002296587926512        2.7002952755905509        3.3003608923884515        3.9004265091863513        4.5004921259842519        5.1005577427821525        5.7006233595800531        6.3006889763779537        6.9007545931758543        7.5008202099737549        8.1008858267716555        8.7009514435695543        9.3010170603674567        9.9010826771653555        10.501148293963258        11.101213910761157        11.701279527559059        12.001312335958009     
Temperature ,  571.428365  571.335165  571.132548  570.779272  570.231207  569.433024  568.323515  566.844656  564.953489  562.642144  562.564817  554.362710 
Temperature ,  571.442075  571.350655  571.151772  570.804611  570.265242  569.478386  568.382585  566.919138  565.043909  562.747401  562.670065  554.458526 
Temperature ,  571.446142  571.355456  571.158157  570.813711  570.278421  569.497203  568.408649  566.953833  565.088042  562.800834  562.723545  554.512452 
Temperature ,  571.449110  571.359046  571.163112  570.821078  570.289550  569.513746  568.432441  566.986617  565.131045  562.854276  562.777071  554.570224 
Temperature ,  571.451166  571.361603  571.166794  570.826816  570.298628  569.527859  568.453627  567.017011  565.172407  562.907349  562.830279  554.633225 
Temperature ,  571.452509  571.363327  571.169397  570.831085  570.305737  569.539472  568.471920  567.044496  565.211475  562.959485  562.882630  554.704013 
Temperature ,  571.453324  571.364416  571.171131  570.834100  570.311046  569.548627  568.487128  567.068564  565.247450  563.009818  562.933292  554.786166 
Temperature ,  571.453776  571.365049  571.172211  570.836104  570.314798  569.555493  568.499211  567.088809  565.279469  563.057146  562.981100  554.883077 
Temperature ,  571.453993  571.365379  571.172826  570.837342  570.317287  569.560353  568.508316  567.105036  565.306764  563.100046  563.024645  554.995899 
Temperature ,  571.454072  571.365521  571.173134  570.838038  570.318816  569.563571  568.514771  567.117327  565.328846  563.137137  563.062528  555.121667 
Temperature ,  571.454074  571.365554  571.173254  570.838379  570.319667  569.565537  568.519036  567.126050  565.345656  563.167429  563.093698  555.252890 
Temperature ,  571.454038  571.365530  571.173269  570.838503  570.320075  569.566620  568.521627  567.131800  565.357598  563.190591  563.117742  555.379221 
Temperature ,  571.453985  571.365479  571.173228  570.838507  570.320216  569.567131  568.523043  567.135273  565.365443  563.207039  563.134986  555.490527 
Temperature ,  571.453926  571.365416  571.173163  570.838451  570.320212  569.567302  568.523703  567.137155  565.370152  563.217792  563.146390  555.579841 
Temperature ,  571.453865  571.365350  571.173088  570.838367  570.320135  569.567291  568.523920  567.138025  565.372681  563.224192  563.153269  555.644873 
Temperature ,  571.453803  571.365283  571.173010  570.838273  570.320028  569.567192  568.523906  567.138313  565.373842  563.227591  563.156986  555.687658 
Temperature ,  571.453742  571.365216  571.172930  570.838176  570.319909  569.567056  568.523783  567.138303  565.374231  563.229136  563.158720  555.712918 
Temperature ,  571.453680  571.365148  571.172851  570.838078  570.319788  569.566909  568.523619  567.138159  565.374235  563.229658  563.159342  555.726131 
Temperature ,  571.453618  571.365080  571.172771  570.837980  570.319665  569.566759  568.523442  567.137967  565.374077  563.229689  563.159418  555.732093 
Temperature ,  571.453555  571.365011  571.172690  570.837881  570.319543  569.566609  568.523263  567.137763  565.373862  563.229521  563.159268  555.734267 
Temperature ,  571.459922  571.372202  571.181606  570.849618  570.335283  569.587542  568.550447  567.171915  565.415126  563.277266  563.206993  555.775954 
Temperature ,  571.459922  571.372202  571.181607  570.849619  570.335283  569.587543  568.550448  567.171917  565.415127  563.277268  563.206995  555.775955 
 
 rod_temps   0.61848126100807321     
 Rod ,           1
 radial pos , 0.0    1.0989019599873821E-003   2.4572194831395402E-003   3.9621473634423839E-003   5.4945097999369100E-003   7.0364057745576679E-003   8.5826986768446391E-003   1.0131375474309959E-002   1.1681488068565768E-002   1.3232531884008287E-002   1.4763779527559053E-002   1.5583989501312335E-002   1.6404199475065617E-002
 axial pos ,   0.0000000000000000       0.30003280839895013       0.90009842519685046        1.5001640419947506        2.1002296587926512        2.7002952755905509        3.3003608923884515        3.9004265091863513        4.5004921259842519        5.1005577427821525        5.7006233595800531        6.3006889763779537        6.9007545931758543        7.5008202099737549        8.1008858267716555        8.7009514435695543        9.3010170603674567        9.9010826771653555        10.501148293963258        11.101213910761157        11.701279527559059        12.001312335958009     
Temperature ,  570.970258  570.844662  570.577633  570.128364  569.460996  568.533452  567.302839  565.733473  563.806137  561.533154  561.464640  554.315994 
Temperature ,  570.991720  570.868063  570.605012  570.162027  569.503205  568.586255  567.367818  565.811437  563.896787  561.634827  561.566218  554.399762 
Temperature ,  570.999238  570.876488  570.615330  570.175420  569.520931  568.609570  567.397836  565.848925  563.941940  561.687058  561.618439  554.446757 
Temperature ,  571.005290  570.883378  570.623991  570.187016  569.536761  568.631010  567.426196  565.885222  563.986618  561.739721  561.671116  554.496680 
Temperature ,  571.009999  570.888839  570.631061  570.196810  569.550600  568.650381  567.452617  565.920000  564.030515  561.792600  561.724040  554.549916 
Temperature ,  571.013528  570.893016  570.636648  570.204851  569.562402  568.667515  567.476811  565.952889  564.073262  561.845429  561.776952  554.607220 
Temperature ,  571.016061  570.896087  570.640909  570.211242  569.572180  568.682293  567.498500  565.983474  564.114392  561.897833  561.829494  554.669974 
Temperature ,  571.017793  570.898244  570.644028  570.216137  569.580015  568.694665  567.517446  566.011313  564.153324  561.949261  561.881136  554.740296 
Temperature ,  571.018914  570.899685  570.646208  570.219734  569.586057  568.704667  567.533486  566.035974  564.189370  561.998926  561.931117  554.820750 
Temperature ,  571.019589  570.900588  570.647652  570.222252  569.590517  568.712433  567.546574  566.057109  564.221806  562.045802  561.978436  554.913478 
Temperature ,  571.019960  570.901111  570.648547  570.223919  569.593648  568.718191  567.556807  566.074525  564.249977  562.088715  562.021929  555.018951 
Temperature ,  571.020132  570.901379  570.649056  570.224950  569.595721  568.722243  567.564429  566.088239  564.273435  562.126524  562.060441  555.134887 
Temperature ,  571.020183  570.901486  570.649307  570.225531  569.597000  568.724927  567.569803  566.098498  564.292044  562.158352  562.093052  555.255972 
Temperature ,  571.020166  570.901497  570.649396  570.225813  569.597719  568.726581  567.573362  566.105743  564.306023  562.183783  562.119288  555.374741 
Temperature ,  571.020112  570.901456  570.649392  570.225911  569.598067  568.727508  567.575551  566.110539  564.315909  562.202954  562.139218  555.483340 
Temperature ,  571.020041  570.901387  570.649337  570.225901  569.598187  568.727957  567.576777  566.113484  564.322444  562.216513  562.153435  555.575489 
Temperature ,  571.019961  570.901306  570.649255  570.225833  569.598175  568.728114  567.577374  566.115132  564.326446  562.225454  562.162900  555.647827 
Temperature ,  571.019878  570.901219  570.649162  570.225737  569.598095  568.728107  567.577591  566.115939  564.328681  562.230904  562.168735  555.700230 
Temperature ,  571.019793  570.901129  570.649064  570.225628  569.597981  568.728015  567.577597  566.116244  564.329781  562.233934  562.172023  555.735158 
Temperature ,  571.019708  570.901038  570.648963  570.225513  569.597852  568.727882  567.577496  566.116276  564.330213  562.235426  562.173674  555.756483 
Temperature ,  571.029649  570.911871  570.661622  570.241052  569.617295  568.752142  567.607265  566.151898  564.371583  562.282014  562.220290  555.804206 
Temperature ,  571.029649  570.911871  570.661623  570.241052  569.617296  568.752143  567.607267  566.151899  564.371585  562.282016  562.220292  555.804207 
 
 rod_temps   0.71848126100807330     
 Rod ,           1
 radial pos , 0.0    1.0989019599873821E-003   2.4572194831395402E-003   3.9621473634423839E-003   5.4945097999369100E-003   7.0364057745576679E-003   8.5826986768446391E-003   1.0131375474309959E-002   1.1681488068565768E-002   1.3232531884008287E-002   1.4763779527559053E-002   1.5583989501312335E-002   1.6404199475065617E-002
 axial pos ,   0.0000000000000000       0.30003280839895013       0.90009842519685046        1.5001640419947506        2.1002296587926512        2.7002952755905509        3.3003608923884515        3.9004265091863513        4.5004921259842519        5.1005577427821525        5.7006233595800531        6.3006889763779537        6.9007545931758543        7.5008202099737549        8.1008858267716555        8.7009514435695543        9.3010170603674567        9.9010826771653555        10.501148293963258        11.101213910761157        11.701279527559059        12.001312335958009     
Temperature ,  570.391427  570.239219  569.920255  569.396150  568.640280  567.623479  566.318729  564.707838  562.788535  560.586000  560.525180  554.276121 
Temperature ,  570.420860  570.270568  569.955482  569.437364  568.689391  567.682037  566.387716  564.787445  562.877938  560.683210  560.622233  554.349575 
Temperature ,  570.432278  570.282954  569.969847  569.454842  568.711080  567.708913  566.420516  564.826520  562.923099  560.733610  560.672582  554.390724 
Temperature ,  570.442054  570.293673  569.982513  569.470608  568.731107  567.734290  566.452133  564.864899  562.968212  560.784722  560.723660  554.434356 
Temperature ,  570.450230  570.302751  569.993467  569.484595  568.749345  567.757984  566.482342  564.902346  563.013067  560.836397  560.775322  554.480651 
Temperature ,  570.456894  570.310255  570.002738  569.496775  568.765692  567.779816  566.510905  564.938601  563.057428  560.888469  560.827407  554.529872 
Temperature ,  570.462171  570.316295  570.010399  569.507158  568.780078  567.799626  566.537578  564.973372  563.101015  560.940738  560.879719  554.582474 
Temperature ,  570.466219  570.321012  570.016561  569.515801  568.792473  567.817275  566.562112  565.006326  563.143483  560.992938  560.932002  554.639244 
Temperature ,  570.469217  570.324578  570.021370  569.522801  568.802894  567.832661  566.584262  565.037091  563.184398  561.044696  560.983896  554.701437 
Temperature ,  570.471351  570.327174  570.024998  569.528298  568.811412  567.845737  566.603815  565.065272  563.223233  561.095484  561.034892  554.770766 
Temperature ,  570.472801  570.328986  570.027633  569.532466  568.818153  567.856527  566.620623  565.090490  563.259381  561.144589  561.084296  554.849112 
Temperature ,  570.473734  570.330189  570.029463  569.535504  568.823296  567.865133  566.634626  565.112428  563.292212  561.191119  561.131236  554.937904 
Temperature ,  570.474292  570.330940  570.030669  569.537619  568.827063  567.871741  566.645886  565.130896  563.321154  561.234078  561.174721  555.037310 
Temperature ,  570.474592  570.331370  570.031414  569.539014  568.829694  567.876600  566.654583  565.145867  563.345787  561.272490  561.213765  555.145540 
Temperature ,  570.474723  570.331583  570.031832  569.539875  568.831433  567.880006  566.661006  565.157502  563.365929  561.305565  561.247548  555.258648 
Temperature ,  570.474748  570.331656  570.032032  569.540358  568.832509  567.882262  566.665520  565.166131  563.381680  561.332847  561.275569  555.371009 
Temperature ,  570.474711  570.331646  570.032092  569.540589  568.833115  567.883661  566.668516  565.172207  563.393405  561.354305  561.297746  555.476411 
Temperature ,  570.474639  570.331586  570.032069  569.540659  568.833408  567.884453  566.670377  565.176247  563.401677  561.370330  561.314422  555.569373 
Temperature ,  570.474550  570.331501  570.031998  569.540634  568.833504  567.884843  566.671438  565.178759  563.407178  561.381644  561.326283  555.646242 
Temperature ,  570.474451  570.331402  570.031902  569.540555  568.833483  567.884982  566.671970  565.180198  563.410600  561.389160  561.334229  555.705711 
Temperature ,  570.488044  570.345871  570.048143  569.559528  568.856065  567.911902  566.703762  565.217200  563.453065  561.437594  561.382899  555.781154 
Temperature ,  570.488045  570.345872  570.048144  569.559529  568.856066  567.911903  566.703763  565.217201  563.453067  561.437595  561.382901  555.781154 
 
 rod_temps   0.81848126100807339     
 Rod ,           1
 radial pos , 0.0    1.0989019599873821E-003   2.4572194831395402E-003   3.9621473634423839E-003   5.4945097999369100E-003   7.0364057745576679E-003   8.5826986768446391E-003   1.0131375474309959E-002   1.1681488068565768E-002   1.3232531884008287E-002   1.4763779527559053E-002   1.5583989501312335E-002   1.6404199475065617E-002
 axial pos ,   0.0000000000000000       0.30003280839895013       0.90009842519685046        1.5001640419947506        2.1002296587926512        2.7002952755905509        3.3003608923884515        3.9004265091863513        4.5004921259842519        5.1005577427821525        5.7006233595800531        6.3006889763779537        6.9007545931758543        7.5008202099737549        8.1008858267716555        8.7009514435695543        9.3010170603674567        9.9010826771653555        10.501148293963258        11.101213910761157        11.701279527559059        12.001312335958009     
Temperature ,  569.718194  569.546039  569.188815  568.611383  567.795826  566.724358  565.383031  563.767105  561.886412  559.774274  559.720178  554.241969 
Temperature ,  569.755225  569.584849  569.231190  568.659169  567.850588  566.787224  565.454531  563.846997  561.973537  559.866479  559.812183  554.306553 
Temperature ,  569.770594  569.601163  569.249412  568.680330  567.875612  566.816848  565.489207  563.886787  562.018008  559.914634  559.860257  554.342692 
Temperature ,  569.784302  569.615826  569.266014  568.699942  567.899229  566.845306  565.523075  563.926246  562.062731  559.963690  559.909246  554.380982 
Temperature ,  569.796327  569.628801  569.280931  568.717907  567.921304  566.872429  565.555948  563.965193  562.107550  560.013540  559.959043  554.421552 
Temperature ,  569.806684  569.640089  569.294134  568.734152  567.941716  566.898055  565.587636  564.003434  562.152299  560.064069  560.009537  554.464556 
Temperature ,  569.815427  569.649726  569.305626  568.748631  567.960362  566.922026  565.617943  564.040760  562.196793  560.115147  560.060601  554.510189 
Temperature ,  569.822645  569.657785  569.315444  568.761329  567.977160  566.944190  565.646658  564.076934  562.240811  560.166616  560.112081  554.558751 
Temperature ,  569.828460  569.664369  569.323659  568.772261  567.992052  566.964402  565.673557  564.111685  562.284086  560.218278  560.163784  554.610719 
Temperature ,  569.833019  569.669614  569.330375  568.781478  568.005009  566.982537  565.698413  564.144703  562.326287  560.269864  560.215451  554.666855 
Temperature ,  569.836486  569.673675  569.335724  568.789067  568.016044  566.998499  565.721000  564.175645  562.367009  560.321008  560.266727  554.728258 
Temperature ,  569.839035  569.676719  569.339861  568.795150  568.025213  567.012239  565.741124  564.204154  562.405769  560.371211  560.317129  554.796311 
Temperature ,  569.840837  569.678921  569.342957  568.799882  568.032623  567.023766  565.758641  564.229886  562.442025  560.419827  560.366028  554.872431 
Temperature ,  569.842055  569.680448  569.345190  568.803440  568.038428  567.033161  565.773484  564.252552  562.475220  560.466072  560.412652  554.957616 
Temperature ,  569.842832  569.681455  569.346732  568.806015  568.042819  567.040572  565.785684  564.271960  562.504840  560.509080  560.456140  555.051890 
Temperature ,  569.843291  569.682078  569.347742  568.807798  568.046012  567.046211  565.795377  564.288055  562.530491  560.547996  560.495631  555.153831 
Temperature ,  569.843530  569.682427  569.348360  568.808970  568.048234  567.050332  565.802792  564.300934  562.551962  560.582101  560.530382  555.260406 
Temperature ,  569.843623  569.682591  569.348701  568.809689  568.049700  567.053210  565.808236  564.310842  562.569269  560.610926  560.559889  555.367244 
Temperature ,  569.843623  569.682635  569.348855  568.810089  568.050606  567.055117  565.812051  564.318143  562.582656  560.634332  560.583973  555.469339 
Temperature ,  569.843568  569.682604  569.348888  568.810272  568.051115  567.056304  565.814589  564.323277  562.592559  560.652527  560.602802  555.561960 
Temperature ,  569.860642  569.700497  569.368432  568.832346  568.076522  567.085763  565.848780  564.362982  562.638958  560.707661  560.658416  555.672497 
Temperature ,  569.860642  569.700498  569.368433  568.832346  568.076523  567.085764  565.848781  564.362984  562.638959  560.707662  560.658418  555.672498 
 
 rod_temps   0.91848126100807348     
 Rod ,           1
 radial pos , 0.0    1.0989019599873821E-003   2.4572194831395402E-003   3.9621473634423839E-003   5.4945097999369100E-003   7.0364057745576679E-003   8.5826986768446391E-003   1.0131375474309959E-002   1.1681488068565768E-002   1.3232531884008287E-002   1.4763779527559053E-002   1.5583989501312335E-002   1.6404199475065617E-002
 axial pos ,   0.0000000000000000       0.30003280839895013       0.90009842519685046        1.5001640419947506        2.1002296587926512        2.7002952755905509        3.3003608923884515        3.9004265091863513        4.5004921259842519        5.1005577427821525        5.7006233595800531        6.3006889763779537        6.9007545931758543        7.5008202099737549        8.1008858267716555        8.7009514435695543        9.3010170603674567        9.9010826771653555        10.501148293963258        11.101213910761157        11.701279527559059        12.001312335958009     
Temperature ,  568.977594  568.791877  568.409195  567.797855  566.947488  565.849784  564.501205  562.907185  561.086132  559.076365  559.028157  554.212622 
Temperature ,  569.021497  568.837355  568.457807  567.851158  567.006720  565.915719  564.574024  562.986344  561.170269  559.163274  559.114836  554.269554 
Temperature ,  569.040596  568.857325  568.479520  567.875510  567.034465  565.947392  564.609862  563.026205  561.213563  559.208931  559.160392  554.301377 
Temperature ,  569.058126  568.875756  568.499762  567.898514  567.061056  565.978188  564.645189  563.066008  561.257322  559.255612  559.206980  554.335073 
Temperature ,  569.074018  568.892572  568.518441  567.920058  567.086357  566.007956  564.679852  563.105611  561.301430  559.303238  559.254525  554.370753 
Temperature ,  569.088236  568.907724  568.535488  567.940044  567.110247  566.036551  564.713696  563.144867  561.345762  559.351730  559.302950  554.408533 
Temperature ,  569.100771  568.921192  568.550860  567.958397  567.132611  566.063831  564.746560  563.183616  561.390188  559.400999  559.352165  554.448544 
Temperature ,  569.111648  568.932986  568.564538  567.975060  567.153349  566.089653  564.778276  563.221686  561.434554  559.450939  559.402069  554.490945 
Temperature ,  569.120922  568.943146  568.576531  567.989995  567.172370  566.113873  564.808660  563.258879  561.478683  559.501425  559.452540  554.535948 
Temperature ,  569.128676  568.951738  568.586873  568.003187  567.189597  566.136350  564.837515  563.294970  561.522362  559.552301  559.503425  554.583867 
Temperature ,  569.135020  568.958857  568.595628  568.014649  567.204974  566.156948  564.864631  563.329700  561.565332  559.603366  559.554530  554.635181 
Temperature ,  569.140086  568.964624  568.602887  568.024423  567.218471  566.175547  564.889794  563.362779  561.607278  559.654355  559.605597  554.690593 
Temperature ,  569.144026  568.969179  568.608768  568.032583  567.230093  566.192055  564.912795  563.393890  561.647819  559.704913  559.656283  554.751056 
Temperature ,  569.147000  568.972677  568.613411  568.039237  567.239885  566.206419  564.933452  563.422706  561.686515  559.754575  559.706134  554.817694 
Temperature ,  569.149171  568.975280  568.616973  568.044522  567.247936  566.218640  564.951624  563.448912  561.722875  559.802751  559.754576  554.891601 
Temperature ,  569.150697  568.977151  568.619620  568.048598  567.254380  566.228777  564.967241  563.472237  561.756398  559.848745  559.800921  554.973501 
Temperature ,  569.151720  568.978439  568.621515  568.051640  567.259383  566.236950  564.980309  563.492493  561.786617  559.891791  559.844408  555.063352 
Temperature ,  569.152366  568.979283  568.622817  568.053829  567.263139  566.243339  564.990928  563.509601  561.813157  559.931128  559.884270  555.160008 
Temperature ,  569.152741  568.979797  568.623663  568.055337  567.265856  566.248163  564.999281  563.523612  561.835793  559.966096  559.919831  555.261075 
Temperature ,  569.152926  568.980078  568.624175  568.056322  567.267738  566.251671  565.005623  563.534704  561.854481  559.996225  559.950593  555.363080 
Temperature ,  569.173251  569.001174  568.646831  568.081405  567.296106  566.284224  565.043423  563.579169  561.907665  560.061060  560.015997  555.492068 
Temperature ,  569.173251  569.001175  568.646832  568.081406  567.296107  566.284225  565.043424  563.579170  561.907666  560.061061  560.015998  555.492069 
 
 rod_temps    1.0184812610080736     
 Rod ,           1
 radial pos , 0.0    1.0989019599873821E-003   2.4572194831395402E-003   3.9621473634423839E-003   5.4945097999369100E-003   7.0364057745576679E-003   8.5826986768446391E-003   1.0131375474309959E-002   1.1681488068565768E-002   1.3232531884008287E-002   1.4763779527559053E-002   1.5583989501312335E-002   1.6404199475065617E-002
 axial pos ,   0.0000000000000000       0.30003280839895013       0.90009842519685046        1.5001640419947506        2.1002296587926512        2.7002952755905509        3.3003608923884515        3.9004265091863513        4.5004921259842519        5.1005577427821525        5.7006233595800531        6.3006889763779537        6.9007545931758543        7.5008202099737549        8.1008858267716555        8.7009514435695543        9.3010170603674567        9.9010826771653555        10.501148293963258        11.101213910761157        11.701279527559059        12.001312335958009     
Temperature ,  568.194174  568.000481  567.603405  566.974577  566.109854  565.008514  563.675090  562.122563  560.375299  558.474455  558.431414  554.187326 
Temperature ,  568.244034  568.051683  567.657256  567.032343  566.172469  565.076457  563.748271  562.200230  560.455980  558.555965  558.512674  554.237635 
Temperature ,  568.266485  568.074901  567.681998  567.059361  566.202357  565.109578  563.784696  562.239676  560.497763  558.598992  558.555586  554.265727 
Temperature ,  568.287523  568.096749  567.705459  567.085249  566.231331  565.142074  563.820854  562.279274  560.540161  558.643112  558.599597  554.295457 
Temperature ,  568.307053  568.117125  567.727531  567.109885  566.259261  565.173809  563.856614  562.318910  560.583086  558.688272  558.644656  554.326920 
Temperature ,  568.325002  568.135953  567.748123  567.133166  566.286027  565.204655  563.891849  562.358467  560.626447  558.734418  558.690711  554.360213 
Temperature ,  568.341321  568.153174  567.767163  567.154998  566.311518  565.234486  563.926426  562.397824  560.670146  558.781490  558.737702  554.395444 
Temperature ,  568.355987  568.168754  567.784597  567.175303  566.335626  565.263173  563.960209  562.436848  560.714074  558.829416  558.785560  554.432729 
Temperature ,  568.368997  568.182680  567.800389  567.194012  566.358252  565.290587  563.993048  562.475392  560.758104  558.878110  558.834201  554.472200 
Temperature ,  568.380373  568.194960  567.814522  567.211073  566.379300  565.316591  564.024783  562.513289  560.802091  558.927472  558.883526  554.514021 
Temperature ,  568.390164  568.205628  567.827001  567.226448  566.398681  565.341050  564.055239  562.550348  560.845861  558.977377  558.933414  554.558415 
Temperature ,  568.398443  568.214742  567.837853  567.240119  566.416322  565.363827  564.084226  562.586354  560.889207  559.027669  558.983714  554.605698 
Temperature ,  568.405307  568.222385  567.847134  567.252094  566.432165  565.384793  564.111547  562.621061  560.931879  559.078150  559.034232  554.656330 
Temperature ,  568.410876  568.228666  567.854923  567.262406  566.446178  565.403833  564.137000  562.654196  560.973577  559.128559  559.084716  554.710953 
Temperature ,  568.415290  568.233712  567.861326  567.271119  566.458361  565.420857  564.160390  562.685465  561.013947  559.178558  559.134837  554.770386 
Temperature ,  568.418696  568.237667  567.866470  567.278329  566.468749  565.435810  564.181543  562.714565  561.052582  559.227712  559.184171  554.835554 
Temperature ,  568.421249  568.240682  567.870500  567.284156  566.477416  565.448684  564.200325  562.741205  561.089035  559.275484  559.232191  554.907319 
Temperature ,  568.423101  568.242911  567.873569  567.288746  566.484477  565.459521  564.216657  562.765130  561.122850  559.321246  559.278279  554.986227 
Temperature ,  568.424393  568.244502  567.875835  567.292260  566.490078  565.468419  564.230530  562.786154  561.153597  559.364312  559.321751  555.072205 
Temperature ,  568.425252  568.245590  567.877447  567.294866  566.494393  565.475529  564.242013  562.804181  561.180922  559.403999  559.361921  555.164318 
Temperature ,  568.448724  568.269831  567.903267  567.323201  566.526256  565.512082  564.284685  562.854792  561.241769  559.477744  559.436142  555.289330 
Temperature ,  568.448725  568.269832  567.903268  567.323202  566.526257  565.512084  564.284686  562.854793  561.241770  559.477745  559.436143  555.289331 
 
